1000
2
1 384
1 887
2
1 778
1 916
2
1 794
1 336
2
1 387
1 493
2
1 650
1 422
2
1 363
1 28
2
1 691
1 60
2
1 764
1 927
2
1 541
1 427
2
1 173
1 737
2
1 212
1 369
2
1 568
1 430
2
1 783
1 531
2
1 863
1 124
2
1 68
1 136
2
1 930
1 803
2
1 23
1 59
2
1 70
1 168
2
1 394
1 457
2
1 12
1 43
2
1 230
1 374
2
1 422
1 920
2
1 785
1 538
2
1 199
1 325
2
1 316
1 371
2
1 414
1 527
2
1 92
1 981
2
1 957
1 874
2
1 863
1 171
2
1 997
1 282
2
1 306
1 926
2
1 85
1 328
2
1 337
1 506
2
1 847
1 730
2
1 314
1 858
2
1 125
1 896
2
1 583
1 546
2
1 815
1 368
2
1 435
1 365
2
1 44
1 751
2
1 88
1 809
2
1 277
1 179
2
1 789
1 585
2
1 404
1 652
2
1 755
1 400
2
1 933
1 61
2
1 677
1 369
2
1 740
1 13
2
1 227
1 587
2
1 95
1 540
2
1 796
1 571
2
1 435
1 379
2
1 468
1 602
2
1 98
1 903
2
1 318
1 493
2
1 653
1 757
2
1 302
1 281
2
1 287
1 442
2
1 866
1 690
2
1 445
1 620
2
1 441
1 730
2
1 32
1 118
2
1 98
1 772
2
1 482
1 676
2
1 710
1 928
2
1 568
1 857
2
1 498
1 354
2
1 587
1 966
2
1 307
1 684
2
1 220
1 625
2
1 529
1 872
2
1 733
1 830
2
1 504
1 20
2
1 271
1 369
2
1 709
1 716
2
1 341
1 150
2
1 797
1 724
2
1 619
1 246
2
1 847
1 452
2
1 922
1 556
2
1 380
1 489
2
1 765
1 229
2
1 842
1 351
2
1 194
1 501
2
1 35
1 765
2
1 125
1 915
2
1 988
1 857
2
1 744
1 492
2
1 228
1 366
2
1 860
1 937
2
1 433
1 552
2
1 438
1 229
2
1 276
1 408
2
1 475
1 122
2
1 859
1 396
2
1 30
1 238
2
1 236
1 794
2
1 819
1 429
2
1 144
1 12
2
1 929
1 530
2
1 777
1 405
2
1 444
1 764
2
1 614
1 539
2
1 607
1 841
2
1 905
1 819
2
1 129
1 689
2
1 370
1 918
2
1 918
1 997
2
1 325
1 744
2
1 471
1 184
2
1 491
1 500
2
1 773
1 726
2
1 645
1 591
2
1 506
1 140
2
1 955
1 787
2
1 670
1 83
2
1 543
1 465
2
1 198
1 508
2
1 356
1 805
2
1 349
1 612
2
1 623
1 829
2
1 300
1 344
2
1 747
1 569
2
1 341
1 423
2
1 312
1 811
2
1 606
1 802
2
1 662
1 731
2
1 879
1 306
2
1 321
1 737
2
1 445
1 627
2
1 523
1 466
2
1 709
1 417
2
1 283
1 259
2
1 925
1 638
2
1 63
1 625
2
1 601
1 37
2
1 453
1 900
2
1 380
1 551
2
1 469
1 72
2
1 974
1 132
2
1 882
1 931
2
1 934
1 895
2
1 661
1 164
2
1 200
1 982
2
1 900
1 997
2
1 960
1 774
2
1 814
1 669
2
1 191
1 96
2
1 927
1 467
2
1 85
1 341
2
1 91
1 685
2
1 377
1 543
2
1 937
1 108
2
1 446
1 757
2
1 180
1 419
2
1 888
1 413
2
1 349
1 173
2
1 660
1 10
2
1 337
1 211
2
1 343
1 588
2
1 207
1 302
2
1 714
1 373
2
1 322
1 256
2
1 820
1 600
2
1 722
1 905
2
1 940
1 812
2
1 941
1 668
2
1 706
1 229
2
1 128
1 151
2
1 985
1 659
2
1 921
1 225
2
1 423
1 270
2
1 397
1 82
2
1 631
1 85
2
1 293
1 973
2
1 673
1 851
2
1 626
1 386
2
1 223
1 300
2
1 641
1 43
2
1 899
1 714
2
1 299
1 191
2
1 525
1 591
2
1 210
1 582
2
1 820
1 337
2
1 733
1 156
2
1 995
1 5
2
1 380
1 770
2
1 274
1 777
2
1 851
1 256
2
1 861
1 143
2
1 580
1 885
2
1 994
1 206
2
1 622
1 568
2
1 505
1 614
2
1 962
1 755
2
1 327
1 260
2
1 945
1 203
2
1 203
1 507
2
1 785
1 22
2
1 843
1 869
2
1 529
1 190
2
1 873
1 909
2
1 959
1 499
2
1 37
1 809
2
1 754
1 249
2
1 304
1 334
2
1 134
1 649
2
1 891
1 755
2
1 568
1 747
2
1 369
1 530
2
1 501
1 47
2
1 789
1 798
2
1 250
1 991
2
1 304
1 34
2
1 364
1 498
2
1 254
1 893
2
1 687
1 126
2
1 153
1 997
2
1 976
1 189
2
1 158
1 730
2
1 437
1 461
2
1 415
1 922
2
1 461
1 305
2
1 29
1 28
2
1 51
1 749
2
1 557
1 903
2
1 795
1 698
2
1 700
1 44
2
1 40
1 3
2
1 429
1 404
2
1 501
1 682
2
1 648
1 539
2
1 160
1 152
2
1 536
1 135
2
1 340
1 693
2
1 216
1 128
2
1 505
1 630
2
1 50
1 965
2
1 286
1 430
2
1 344
1 336
2
1 178
1 901
2
1 239
1 972
2
1 950
1 290
2
1 368
1 989
2
1 293
1 796
2
1 744
1 145
2
1 830
1 391
2
1 683
1 341
2
1 542
1 570
2
1 827
1 233
2
1 262
1 43
2
1 361
1 118
2
1 24
1 762
2
1 82
1 310
2
1 191
1 426
2
1 997
1 368
2
1 678
1 235
2
1 691
1 627
2
1 525
1 58
2
1 615
1 169
2
1 206
1 359
2
1 313
1 387
2
1 101
1 347
2
1 727
1 995
2
1 917
1 553
2
1 579
1 530
2
1 947
1 291
2
1 648
1 971
2
1 52
1 81
2
1 632
1 594
2
1 858
1 628
2
1 313
1 887
2
1 215
1 356
2
1 513
1 91
2
1 413
1 480
2
1 611
1 970
2
1 190
1 275
2
1 356
1 642
2
1 621
1 434
2
1 988
1 889
2
1 339
1 567
2
1 771
1 285
2
1 857
1 418
2
1 607
1 261
2
1 850
1 238
2
1 206
1 60
2
1 218
1 519
2
1 946
1 784
2
1 874
1 459
2
1 874
1 638
2
1 290
1 484
2
1 608
1 479
2
1 758
1 315
2
1 472
1 730
2
1 101
1 460
2
1 619
1 439
2
1 26
1 389
2
1 75
1 234
2
1 158
1 682
2
1 494
1 359
2
1 271
1 700
2
1 418
1 840
2
1 570
1 364
2
1 623
1 795
2
1 174
1 848
2
1 432
1 463
2
1 683
1 391
2
1 293
1 792
2
1 58
1 116
2
1 522
1 158
2
1 575
1 492
2
1 948
1 952
2
1 232
1 22
2
1 538
1 741
2
1 55
1 31
2
1 99
1 326
2
1 82
1 517
2
1 517
1 3
2
1 232
1 140
2
1 797
1 405
2
1 339
1 581
2
1 219
1 22
2
1 971
1 863
2
1 813
1 380
2
1 978
1 686
2
1 537
1 905
2
1 177
1 484
2
1 208
1 760
2
1 858
1 745
2
1 500
1 912
2
1 128
1 951
2
1 237
1 561
2
1 819
1 106
2
