50
4 6 4
1 4 2 1
100 10 1
1
5 5 10
2 4 2 3 4 2 1 2 1 3
1 1 1
1
100 2 2
1 2
1000 100 10
4 3 9 1 2 5 6 9 1 10
1 10 10
4 3 4 1 2 5 6 9 1 10
1 10 9
1 1 1 1 1 1 1 1 1
1000 10 9
1 1 1 1 1 1 1 1 1
934 9 10
8 8 8 8 8 8 8 8 8 8
734 3 10
1 2 3 3 2 1 1 2 3 1
345 19 10
10 10 10 10 10 10 10 10 10 10
765 10 10
10 1 10 1 10 1 10 1 10 1
1000 100 10
10 10 10 10 10 10 10 10 10 10
734 20 10
1 2 3 4 5 6 7 8 9 10
631 16 10
10 9 8 7 6 5 4 3 2 1
2 14 9
4 8 8 9 10 4 3 7 8
2 8 6
1 6 7 4 2 1
2 10 9
5 6 2 3 1 10 3 7 1
4 6 9
5 4 4 6 3 2 3 6 3
474 12 10
8 10 7 10 1 4 9 7 1 2
920 5 9
3 4 3 2 1 3 3 5 4
580 6 9
5 6 5 2 5 6 3 2 6
733 12 9
4 4 10 6 6 10 8 9 1
5 29 9
5 9 10 8 9 4 10 9 3
6 25 9
9 10 9 4 5 8 2 9 4
5 25 9
3 3 7 3 5 8 3 1 8
8 27 10
9 7 7 1 10 2 4 8 4 4
50 19 8
7 7 8 7 7 9 6 7
72 18 8
5 5 9 7 6 8 5 9
292 13 9
6 6 7 6 9 5 6 9 7
115 18 9
5 8 7 6 7 9 5 7 6
317 21 8
5 7 8 7 9 6 9 5
547 11 9
9 8 5 8 5 7 8 8 7
591 67 9
5 7 6 8 5 5 9 6 8
241 69 9
7 5 9 8 5 7 6 9 7
703 67 10
6 7 8 8 9 7 9 6 6 7
350 3 5
3 3 3 3 3
86 83 5
6 7 5 8 8
625 8 9
8 6 5 8 6 5 7 8 7
51 91 6
5 7 6 6 8 6
816 24 6
7 8 9 9 6 9
711 93 6
9 8 8 6 6 9
192 16 5
8 5 6 5 5
291 49 6
8 7 7 6 5 6
633 41 6
5 9 8 9 6 9
593 97 5
8 7 6 5 8
183 37 6
9 8 6 7 5 7
692 85 5
7 7 9 9 5
865 94 8
9 6 7 8 9 9 9 7
