245
3
6
8
10
14
15
17
19
20
23
26
30
32
37
40
41
43
47
48
50
51
53
54
55
62
63
64
71
72
74
76
86
87
88
89
90
92
93
95
96
99
100
102
104
106
107
109
110
112
113
114
115
116
117
118
119
120
121
122
127
129
130
132
133
134
138
139
140
143
144
145
147
148
149
151
153
155
156
157
159
160
163
164
165
166
168
172
173
174
175
176
180
181
183
184
185
186
190
193
196
197
199
201
203
204
207
208
211
213
216
218
220
221
224
226
227
229
231
232
233
234
235
236
239
240
247
249
250
251
253
254
255
258
263
265
268
269
273
274
276
277
279
283
284
286
289
291
294
296
297
302
305
309
310
311
312
316
317
319
322
324
330
333
336
337
338
341
343
344
347
348
352
354
355
357
359
363
365
366
367
368
369
370
371
376
378
380
382
383
385
386
388
390
391
392
395
397
403
404
407
409
412
413
416
417
419
421
429
430
433
436
438
440
442
443
444
445
446
447
450
454
456
457
462
463
467
468
469
471
472
475
477
479
481
482
483
485
486
489
492
493
494
495
496
497
244
0
1
3
4
5
6
7
10
11
12
19
22
23
24
27
28
32
33
35
36
37
38
39
42
43
44
53
55
56
59
61
62
65
68
77
78
80
81
85
87
88
91
93
94
97
101
102
104
105
108
110
111
114
115
117
118
125
126
128
129
133
134
136
137
140
142
143
146
147
149
150
151
153
154
155
157
158
161
163
165
167
168
169
170
172
174
176
177
179
182
183
185
186
187
189
190
193
195
197
199
200
201
209
211
213
214
215
218
224
230
232
233
241
243
245
246
247
251
252
253
255
256
257
258
259
262
267
272
274
275
277
280
281
283
284
285
287
288
289
290
291
294
299
300
302
303
304
309
310
311
314
316
319
320
324
325
326
331
332
334
335
336
341
342
343
346
348
350
352
353
358
360
361
364
366
370
371
373
376
377
378
381
382
384
385
390
392
393
396
398
404
406
407
408
409
410
411
416
417
419
420
421
423
424
426
427
428
429
430
431
436
438
439
440
441
442
443
448
449
451
453
454
455
456
458
460
465
468
470
471
473
474
475
476
477
478
483
485
486
487
488
490
492
497
331
1
5
6
8
10
11
15
16
19
20
21
27
28
30
32
34
36
38
40
41
42
43
44
45
46
49
50
51
53
54
56
62
65
66
69
71
74
75
78
79
81
82
83
85
86
88
89
91
98
99
101
102
103
107
109
111
112
113
115
117
118
119
120
122
124
125
130
131
132
135
137
140
142
146
147
148
149
150
151
152
153
155
156
158
159
160
170
172
174
175
176
177
180
181
182
183
186
187
188
193
194
195
198
199
205
207
211
212
213
218
219
224
225
228
229
234
235
236
237
241
242
243
248
249
251
252
253
256
257
259
260
262
263
264
266
267
269
270
271
272
274
276
280
286
287
289
290
293
295
296
298
299
300
301
302
305
306
307
308
310
311
313
316
317
320
322
324
325
326
331
332
333
334
337
342
343
346
349
350
355
356
357
358
360
361
362
363
364
365
367
369
371
373
374
376
377
378
381
384
391
400
401
402
404
408
410
412
415
417
420
421
431
435
437
438
440
442
445
447
448
450
451
456
457
460
461
463
464
466
467
470
471
475
476
480
482
483
485
486
487
489
490
491
493
494
495
499
500
501
503
505
509
512
514
515
518
519
522
523
524
526
527
533
534
535
536
540
545
546
551
552
554
555
556
557
558
559
560
563
564
565
566
567
571
574
575
577
578
580
581
583
584
586
587
589
592
593
600
603
606
607
610
611
613
614
615
616
621
624
626
627
629
636
637
638
641
645
650
651
653
657
659
662
664
665
667
669
672
673
674
677
329
0
1
3
5
9
10
12
13
14
18
19
20
21
22
25
28
29
30
32
33
35
37
41
42
44
45
46
50
51
52
54
55
57
60
61
62
69
70
72
82
83
84
86
87
89
92
93
94
102
103
106
109
112
114
115
116
117
119
121
122
123
124
125
126
129
130
134
135
138
141
144
146
147
148
149
152
153
154
156
162
166
168
169
170
171
172
173
174
175
176
177
180
181
184
185
186
188
194
198
201
202
203
204
208
210
211
213
215
218
220
224
227
229
233
234
235
236
240
242
243
245
247
251
255
257
259
264
267
268
269
270
273
274
275
277
279
281
283
287
289
291
296
299
302
303
305
306
308
312
313
314
316
317
318
319
324
327
328
330
331
334
335
337
338
340
344
345
346
348
349
350
352
355
358
360
361
362
368
370
371
373
380
381
382
384
387
390
392
393
394
400
401
405
406
409
410
413
414
415
416
418
419
422
424
425
426
428
430
432
433
437
438
441
442
445
446
447
448
450
451
455
456
458
459
463
464
465
466
467
468
472
477
478
479
480
482
483
487
488
490
491
495
496
497
498
499
502
503
504
507
510
511
512
515
518
521
524
528
529
530
534
535
536
539
542
543
544
547
550
552
553
554
556
558
559
560
562
564
570
571
572
573
574
575
581
582
584
585
586
588
590
591
592
594
596
600
603
604
605
607
611
614
615
616
619
620
621
626
628
629
631
632
635
636
637
639
643
646
647
648
651
655
657
661
662
668
669
670
675
444
5
12
14
15
17
18
20
21
24
25
30
31
32
37
41
42
43
44
46
48
49
50
53
54
60
62
63
66
69
70
73
74
75
76
77
78
82
85
92
96
97
100
102
103
106
107
110
113
114
115
117
118
120
121
123
124
127
129
130
131
133
134
136
139
142
148
152
153
155
157
158
159
162
166
168
169
171
173
174
177
179
182
185
188
189
190
191
193
194
195
199
200
201
203
204
205
206
209
211
212
215
216
217
222
223
228
229
230
236
238
241
243
246
247
250
251
252
254
255
258
262
263
264
268
270
273
274
276
278
281
283
284
285
287
288
289
291
293
294
296
297
298
299
300
301
302
303
304
308
313
314
318
319
324
325
326
327
328
330
331
333
336
340
341
345
352
355
358
360
362
363
365
366
367
368
372
376
378
383
385
387
389
392
393
394
396
397
400
402
404
405
406
407
408
411
412
414
415
416
417
420
421
422
424
426
429
434
438
439
441
442
444
446
447
448
451
452
453
456
457
458
460
461
462
466
469
470
471
473
475
480
481
483
486
490
491
497
499
501
502
508
509
510
511
513
514
517
520
521
524
525
526
527
529
530
531
532
535
537
538
542
545
547
550
551
552
554
556
559
561
562
565
566
567
569
572
575
576
578
579
580
588
591
592
598
599
601
602
603
605
606
608
609
610
611
615
618
621
622
625
626
628
630
631
635
637
638
640
642
645
650
651
653
656
657
658
659
660
663
664
667
668
671
672
673
674
675
679
680
682
683
684
685
697
699
702
705
706
709
710
711
714
716
717
719
720
726
727
728
729
730
732
735
737
740
742
743
747
748
749
754
755
756
757
760
763
764
765
768
770
772
774
775
776
777
781
784
785
786
788
789
793
794
795
796
797
798
799
804
805
806
807
811
813
816
817
818
821
822
823
827
828
829
830
833
834
835
837
839
842
843
846
848
850
853
855
856
857
858
863
866
867
871
873
875
877
878
883
884
886
887
890
893
894
896
897
898
903
906
908
909
911
913
914
406
6
11
17
18
20
22
24
25
26
31
38
43
49
50
51
56
59
61
62
64
66
67
68
73
75
79
80
82
83
88
91
93
94
96
98
99
101
105
106
107
108
111
113
117
119
121
123
124
125
126
127
133
137
138
139
140
143
145
149
154
156
159
162
168
170
171
172
173
174
175
178
179
181
186
188
191
194
200
205
207
210
217
218
219
222
224
226
229
231
232
237
239
242
249
250
251
254
255
257
260
261
262
263
264
267
268
269
270
272
273
276
277
279
282
283
286
287
289
292
293
294
295
296
299
301
304
306
308
313
315
318
319
320
321
322
324
325
327
329
330
331
333
336
338
340
345
347
350
352
355
356
357
358
359
362
364
366
371
372
373
375
376
378
380
382
384
387
388
389
390
391
394
396
398
400
406
407
409
410
411
412
414
415
416
418
425
426
429
432
438
439
441
442
443
444
446
447
448
454
457
458
459
460
463
464
467
468
469
471
474
477
479
486
489
490
491
492
495
496
499
501
502
505
508
515
517
518
519
521
523
530
531
533
534
537
540
547
549
550
551
552
553
557
559
560
562
564
565
566
570
572
576
577
582
583
584
585
589
591
592
594
596
597
598
601
602
604
605
607
608
611
615
616
617
620
623
625
628
633
634
636
637
639
640
643
647
648
649
650
656
658
659
663
665
670
672
674
675
676
679
682
688
690
691
695
697
705
706
707
708
709
710
712
713
715
718
721
725
728
730
737
738
739
740
741
742
744
745
747
750
753
756
758
759
760
762
764
768
769
770
771
772
773
774
775
776
777
780
782
785
788
790
791
792
794
796
804
805
806
808
809
812
813
815
818
819
823
824
827
831
836
837
838
840
841
844
845
847
850
851
853
854
861
862
866
867
869
875
876
877
879
880
882
883
885
886
893
894
898
899
902
903
905
906
909
910
431
2
3
5
8
13
14
19
20
25
26
28
32
35
38
41
44
45
46
47
48
50
52
54
56
57
58
61
63
64
65
66
67
68
73
77
78
79
81
82
86
90
91
93
94
95
98
99
101
102
103
105
106
107
108
109
110
112
114
116
117
119
120
121
122
123
126
127
128
130
131
135
136
137
138
140
142
148
152
153
155
160
161
162
164
169
170
171
173
174
176
177
178
181
185
186
187
188
189
190
191
193
196
198
199
201
203
204
208
211
213
219
222
223
224
227
229
235
236
238
239
242
245
247
249
252
253
254
255
257
260
263
265
266
269
271
272
274
277
278
279
280
281
286
287
288
289
291
293
294
295
296
298
301
302
303
304
305
306
307
308
312
315
316
320
321
322
323
324
325
326
328
329
332
335
337
339
351
352
354
356
358
360
361
362
364
367
369
370
371
374
375
376
380
381
384
386
387
388
391
393
396
397
398
399
400
403
409
410
412
413
414
417
418
419
422
424
425
426
427
428
430
431
433
434
435
438
439
441
442
443
446
447
448
449
450
453
457
458
459
460
464
465
468
471
472
474
475
476
481
483
485
486
488
490
495
497
498
501
503
507
508
509
510
511
512
513
516
517
518
520
522
523
524
526
531
532
533
539
544
545
550
552
557
561
562
563
565
566
573
579
581
582
583
584
588
589
590
591
592
596
599
600
603
605
607
609
612
614
615
617
619
624
625
626
627
628
629
634
635
636
637
638
640
642
646
647
651
653
654
655
657
659
660
661
662
665
667
669
671
672
673
674
675
677
680
685
690
693
694
699
700
703
704
709
710
712
713
716
717
718
720
721
723
726
727
730
734
735
736
737
738
740
741
744
745
749
750
752
753
756
757
759
761
768
772
773
776
777
779
782
783
784
786
787
789
796
797
800
802
803
804
807
808
809
814
815
816
817
818
819
820
822
823
827
830
835
836
837
838
839
841
842
843
844
849
850
851
852
854
855
864
429
1
2
4
5
6
7
8
9
10
11
14
19
20
21
23
24
26
27
29
31
33
34
36
37
38
39
40
41
42
43
46
53
57
58
59
60
62
63
64
65
68
69
70
72
75
76
77
78
79
81
85
89
90
91
92
94
95
96
97
101
102
115
116
117
118
119
120
122
123
125
127
129
131
133
134
147
148
149
153
155
156
157
158
159
160
161
164
166
167
170
171
173
174
176
179
185
187
188
189
190
191
192
193
196
198
199
200
205
206
208
209
210
212
213
218
220
222
226
227
228
229
231
232
237
238
240
241
242
244
245
253
257
258
261
262
263
265
266
269
270
272
273
276
279
280
285
289
290
293
294
295
297
298
301
303
309
311
313
316
318
319
320
321
322
323
325
327
328
333
335
341
343
345
348
353
354
355
357
358
359
361
364
366
370
373
376
378
379
385
386
387
389
390
391
393
396
398
400
403
404
406
407
408
409
410
413
417
418
421
422
423
424
425
430
432
435
436
438
439
440
441
442
445
449
450
452
456
458
461
463
471
477
478
481
482
484
488
490
493
495
500
502
503
505
507
509
510
511
512
516
517
518
519
520
521
523
524
525
526
527
528
532
534
535
537
539
541
542
543
544
548
549
550
554
556
557
559
561
562
563
567
568
569
573
574
575
576
578
579
581
582
586
588
589
591
593
594
595
599
601
602
603
604
606
607
609
611
613
616
618
619
623
624
631
633
634
635
636
638
639
641
643
645
648
650
654
656
658
659
660
661
662
666
672
674
675
676
679
680
681
682
686
688
690
691
692
693
694
698
700
702
704
705
708
712
713
716
717
719
720
721
724
725
726
732
734
736
737
740
744
745
748
749
753
759
760
761
763
764
767
769
773
774
775
776
777
785
791
792
793
795
796
799
800
801
802
803
808
809
811
812
813
815
816
825
826
827
828
829
830
831
832
833
834
835
840
841
843
844
845
847
848
851
853
855
858
861
863
865
297
1
3
4
5
6
7
8
10
14
15
18
19
21
24
25
26
27
28
29
31
35
36
37
39
40
43
47
52
61
62
63
64
66
67
71
79
81
82
83
84
86
92
93
94
95
98
106
108
114
117
120
123
124
125
126
128
129
132
135
137
140
142
144
146
149
152
156
158
160
161
162
163
167
168
169
171
172
174
176
177
178
179
181
182
183
184
188
190
191
192
193
195
197
199
200
201
205
208
210
212
216
217
223
225
227
230
231
232
234
237
238
239
240
241
243
244
251
252
255
259
266
267
269
274
276
277
280
284
287
288
289
291
292
293
295
297
300
302
303
306
307
308
309
310
314
316
318
321
323
325
326
328
329
335
337
342
343
347
349
350
351
352
353
355
357
360
365
366
369
370
372
375
376
378
381
382
383
385
386
387
388
392
395
396
397
398
401
403
404
408
412
414
415
416
418
419
420
422
427
428
430
431
433
434
435
440
441
445
447
448
449
450
453
455
456
458
461
464
465
467
469
474
477
478
480
481
482
483
486
487
490
493
495
497
499
502
504
505
506
508
510
512
514
516
518
519
522
523
526
527
528
533
537
538
541
542
550
555
557
560
562
566
569
570
573
577
578
582
583
585
588
590
594
597
598
600
605
608
609
610
611
613
614
615
618
619
624
626
627
628
629
631
635
636
637
648
651
314
3
4
5
6
7
8
10
11
16
21
22
23
25
27
30
31
35
36
37
38
39
40
42
43
48
52
54
56
57
60
65
66
67
68
70
71
72
73
76
77
79
80
81
84
86
88
89
92
97
98
99
100
103
104
109
111
117
118
119
120
121
128
129
131
132
135
136
141
143
149
150
152
153
154
155
156
160
161
162
164
165
167
169
170
171
172
174
175
176
177
180
182
184
185
186
187
188
192
193
194
196
197
199
206
207
211
213
214
217
220
221
222
227
229
238
239
243
245
246
249
250
251
252
253
255
257
259
263
264
266
267
269
270
271
272
273
274
276
278
279
280
282
283
284
285
287
289
291
295
296
298
299
301
302
307
308
309
310
313
314
316
317
324
326
328
331
333
334
339
340
341
342
345
346
348
349
351
353
354
355
359
361
365
366
370
374
375
378
379
380
381
383
385
386
387
391
393
397
398
403
406
409
411
412
413
414
415
416
417
420
423
429
430
435
438
441
443
444
445
446
447
448
449
455
458
460
462
463
468
472
474
475
476
477
478
479
481
487
490
492
494
495
501
506
507
508
509
511
514
515
517
519
522
524
530
533
538
539
540
541
543
546
547
549
550
554
555
557
559
560
562
564
567
568
570
573
575
577
578
579
581
582
586
587
589
591
592
594
596
599
600
603
604
607
610
611
613
615
619
622
623
625
626
628
629
631
632
635
636
639
642
643
645
647
316
2
3
9
10
11
14
17
18
21
22
24
25
32
34
35
37
38
40
41
43
44
45
46
50
59
63
64
66
67
70
71
74
75
76
77
79
82
83
86
87
88
89
90
96
97
98
99
101
102
104
109
110
114
116
117
123
124
128
130
131
136
139
141
142
145
148
149
153
154
156
157
165
167
168
169
170
172
173
175
178
179
180
182
183
186
189
190
195
198
202
203
206
207
210
212
214
215
218
219
222
225
226
228
229
237
239
241
243
250
253
256
259
264
265
267
269
273
274
281
282
284
285
287
288
289
291
294
297
301
305
306
308
311
312
313
316
317
321
323
324
326
336
337
338
339
340
342
343
348
349
350
351
352
354
356
357
358
359
362
363
365
366
367
369
371
372
376
377
379
381
382
383
384
386
387
392
394
395
396
399
400
401
402
403
410
418
419
420
422
423
426
427
428
431
437
439
440
444
448
450
451
452
454
455
460
461
462
465
466
470
471
472
476
479
480
482
484
486
487
490
492
495
496
499
501
502
504
505
506
507
509
510
512
513
517
518
528
530
531
533
534
535
536
537
538
539
540
542
543
545
546
547
548
549
551
552
554
555
557
559
560
562
563
565
568
570
572
574
576
577
579
580
581
582
583
587
592
593
594
597
599
601
608
610
611
613
615
618
621
623
624
625
628
629
631
633
635
638
639
640
641
648
650
651
652
656
657
658
664
665
666
668
671
673
676
680
341
0
2
3
4
6
8
9
11
15
16
17
20
21
22
24
29
30
32
34
35
36
38
40
41
43
47
48
49
51
52
53
54
55
56
57
61
62
63
64
66
70
72
76
77
79
81
83
84
85
86
87
88
89
93
94
95
96
98
101
107
108
111
113
117
118
120
122
123
125
127
128
130
133
139
140
143
145
149
150
154
155
156
161
164
165
166
167
172
174
175
177
178
179
181
182
186
187
188
193
196
197
198
199
202
203
205
206
207
209
212
213
214
217
218
220
221
222
227
231
234
235
237
238
239
241
244
245
246
249
252
253
254
255
259
260
264
268
269
270
272
279
281
284
285
286
287
291
292
296
301
302
304
308
309
310
311
312
317
320
323
328
330
331
333
334
336
340
341
342
343
344
349
351
352
359
362
363
364
366
367
368
369
370
372
373
375
376
383
384
391
394
395
396
398
399
400
401
402
406
407
409
410
415
417
419
424
429
431
432
433
434
438
439
441
442
447
449
450
451
452
453
454
456
457
462
463
465
469
471
476
478
479
482
483
484
485
486
488
489
494
495
497
500
505
506
510
512
513
515
520
521
526
531
532
537
538
542
544
545
547
550
551
552
553
554
555
559
560
561
562
564
565
566
567
570
572
573
574
575
576
577
582
583
584
585
586
587
591
592
593
594
596
597
598
599
600
601
603
605
606
608
609
610
613
616
618
620
621
622
626
630
631
632
633
635
637
638
640
641
642
645
648
651
652
653
655
657
658
659
661
662
666
667
671
673
674
675
677
678
680
681
475
0
1
3
4
5
6
11
12
13
15
18
19
20
21
25
26
28
29
37
38
44
45
46
47
49
50
52
53
55
57
58
60
63
64
65
66
68
72
75
76
79
80
81
83
84
85
86
88
89
90
92
93
100
104
107
108
111
113
114
117
119
120
122
124
126
130
135
139
141
143
145
146
147
151
152
153
154
155
156
158
159
160
163
165
166
168
170
171
172
173
177
178
179
181
185
186
187
188
193
197
198
199
201
203
204
208
211
213
214
216
218
219
221
222
224
225
226
227
228
229
230
232
234
236
238
240
242
243
244
246
247
248
249
252
258
259
262
268
270
271
272
274
275
278
279
281
285
288
290
291
293
294
295
296
297
301
302
306
310
312
315
316
323
324
327
328
333
335
337
338
343
344
346
347
349
350
351
354
357
359
360
362
367
372
373
374
376
378
379
380
381
386
387
388
389
391
395
397
399
401
402
403
407
409
420
422
423
424
426
428
429
430
431
432
438
440
441
444
447
450
452
454
456
459
460
461
463
464
467
470
473
478
481
482
483
484
489
490
492
493
495
496
497
499
502
504
507
510
511
514
515
518
520
522
523
525
526
527
529
530
533
534
535
536
537
540
541
545
546
548
549
551
553
557
560
561
562
563
564
568
569
570
571
572
574
576
578
579
580
581
585
586
587
589
590
591
595
596
597
598
599
604
605
609
611
613
618
628
629
631
633
634
636
643
644
645
646
647
650
652
654
655
656
658
660
666
668
673
675
677
678
679
680
681
683
685
686
688
690
692
693
695
699
703
706
708
711
716
717
720
721
725
726
729
730
732
734
737
738
739
743
745
750
751
752
753
758
760
761
762
764
765
768
771
780
781
786
790
796
799
802
805
807
810
811
812
813
815
816
817
818
821
822
823
824
827
829
830
835
836
838
840
844
848
851
853
854
856
857
858
860
862
863
865
867
868
869
870
874
876
877
880
883
885
886
889
890
891
892
893
895
896
898
900
901
903
904
905
908
909
910
913
915
916
918
921
922
929
930
933
934
935
937
938
941
942
945
948
951
956
958
960
963
964
965
966
970
971
972
973
974
975
976
977
978
467
1
2
6
7
8
9
12
13
14
15
19
20
24
25
26
28
29
30
31
33
34
38
39
40
41
44
45
46
47
50
52
55
56
59
61
62
64
67
68
69
70
73
79
80
82
84
87
88
91
93
94
96
99
101
102
104
105
108
111
115
116
117
121
123
126
128
131
133
134
136
137
140
143
147
148
149
150
151
153
154
155
159
162
163
164
165
166
170
171
172
173
177
182
183
185
186
187
191
194
195
196
197
198
202
203
212
213
214
215
216
219
226
227
228
229
231
234
235
244
245
246
247
248
250
252
253
255
258
259
269
272
273
274
278
281
282
284
285
287
290
291
303
304
305
306
307
312
314
315
317
323
325
326
331
335
336
337
338
339
344
346
347
349
354
357
364
365
366
369
370
371
372
373
375
380
386
389
396
397
398
400
402
404
406
407
409
410
413
415
416
417
418
423
426
427
428
430
432
434
436
438
439
441
442
445
447
448
449
451
452
456
457
458
461
462
468
472
475
476
479
480
483
484
488
489
490
493
494
500
501
507
508
514
515
519
523
525
526
528
529
531
532
533
539
540
546
547
553
555
556
558
559
561
562
565
567
568
569
571
573
575
576
578
579
580
585
587
588
590
591
593
594
597
599
603
606
607
609
612
613
614
615
616
617
618
620
621
625
627
628
630
631
635
638
639
641
644
645
646
647
648
649
650
652
654
656
657
659
660
663
664
665
666
667
672
673
677
679
680
682
684
686
688
689
691
692
695
696
697
698
699
700
704
705
706
709
710
713
714
715
718
722
723
726
727
728
730
732
736
737
738
741
742
745
746
747
754
757
758
761
764
765
767
769
770
771
773
774
776
777
779
780
781
786
789
790
793
796
797
799
801
803
804
805
806
811
813
815
816
817
818
820
821
822
823
825
827
829
833
835
836
837
838
843
845
847
848
849
850
851
854
858
861
863
866
868
870
872
875
876
877
881
882
883
886
890
893
895
898
900
901
902
908
909
911
916
917
918
919
920
922
924
927
931
932
933
934
940
941
943
948
949
951
952
953
954
957
959
960
962
964
965
971
974
975
976
979
337
0
1
2
4
6
10
16
18
19
20
21
23
25
26
27
28
29
34
37
38
39
40
47
48
51
54
57
58
62
63
66
69
70
74
78
79
81
86
87
88
90
92
94
96
99
100
102
104
107
108
109
113
114
116
118
119
121
124
127
129
130
135
138
140
141
143
144
153
154
155
156
157
158
159
160
163
164
165
166
167
169
170
171
174
175
176
177
180
181
182
185
186
188
190
192
193
195
196
202
204
207
209
210
211
212
215
216
218
219
220
224
225
226
227
228
229
231
232
233
234
236
238
239
240
242
243
244
246
247
248
249
250
254
258
259
260
261
263
269
270
271
272
273
274
275
276
277
278
280
281
283
285
291
293
294
297
298
299
300
301
302
305
307
308
309
310
311
316
323
324
329
330
332
339
340
341
343
344
345
349
350
351
352
353
355
360
361
362
364
365
367
369
380
381
385
386
392
395
400
403
405
408
410
413
414
416
420
421
423
424
425
426
428
431
435
436
437
438
439
440
442
444
445
446
447
448
450
451
453
457
461
464
467
470
471
472
474
476
477
479
480
482
486
488
490
491
494
495
497
498
500
501
502
503
504
510
511
512
515
516
517
518
521
522
525
528
532
536
539
541
547
549
550
552
553
556
557
558
559
560
562
563
566
568
569
571
572
573
574
575
576
578
579
583
584
585
588
590
592
594
596
597
599
605
606
607
609
614
615
617
624
627
628
629
630
631
632
633
634
635
638
640
645
648
651
652
654
655
656
657
660
662
663
666
667
668
669
296
1
5
9
10
13
20
22
23
25
33
37
41
42
45
53
54
57
59
61
62
74
75
78
79
81
85
86
89
91
93
94
100
101
102
103
107
109
110
111
114
115
116
117
118
121
123
124
126
129
130
131
132
133
134
135
139
141
142
143
146
147
148
149
151
152
153
154
155
159
161
162
164
165
166
170
173
176
183
184
185
186
187
191
193
194
196
197
198
200
202
205
207
210
212
213
214
216
218
220
226
232
234
237
239
242
244
245
246
248
251
252
254
255
258
261
262
263
265
268
269
271
273
275
281
283
284
286
287
290
293
294
295
297
300
304
305
307
308
309
310
312
314
315
323
325
328
331
332
336
337
339
340
341
342
344
346
347
351
353
354
357
361
364
366
368
369
371
373
374
375
377
378
379
383
385
386
389
393
396
398
400
405
406
411
413
417
418
420
422
425
426
432
437
438
443
445
449
450
451
452
453
454
457
458
460
462
463
467
476
477
478
479
481
482
483
484
485
486
489
490
492
494
495
499
500
501
502
504
508
511
512
513
517
518
519
520
521
524
525
527
528
530
531
532
533
534
536
540
543
544
545
549
552
554
555
560
561
564
570
572
573
574
577
578
580
584
586
587
592
593
596
602
603
608
614
616
617
621
622
626
628
629
630
631
634
635
640
646
648
649
650
654
655
657
667
668
344
0
1
2
5
9
10
12
14
15
19
22
25
27
31
32
33
34
35
41
43
44
46
47
48
49
50
53
54
56
57
64
70
71
73
74
76
78
79
85
86
87
88
91
93
94
97
98
99
100
101
106
107
108
110
111
112
113
115
118
125
126
127
128
130
131
132
133
136
138
139
141
142
146
149
150
151
153
154
157
158
160
162
163
165
166
168
170
171
173
174
175
179
180
182
185
187
188
189
193
194
195
197
201
204
206
211
212
213
214
215
216
219
224
225
226
227
228
229
231
234
235
239
240
244
246
251
252
253
254
258
260
261
262
263
266
274
278
279
281
285
286
287
289
290
291
293
295
296
308
309
310
316
317
318
319
320
321
324
327
328
334
335
336
340
342
343
347
357
358
365
367
369
372
375
376
379
385
386
387
388
389
390
391
393
396
397
399
400
401
403
405
406
407
408
410
413
415
417
422
423
424
427
428
429
431
433
434
435
442
444
445
447
448
450
452
457
461
462
463
465
466
469
475
478
482
485
487
488
489
490
492
494
495
498
501
502
506
512
514
519
521
523
525
527
533
537
538
539
541
548
550
551
552
554
555
556
557
559
560
562
563
566
569
570
572
573
574
575
577
579
580
582
583
585
588
590
591
592
597
598
599
601
603
605
607
609
610
611
613
614
621
623
625
627
629
631
633
637
638
639
640
645
648
649
650
651
653
655
659
660
661
662
663
664
665
666
668
670
671
673
675
676
679
683
688
689
690
691
692
699
704
709
710
714
716
718
719
721
722
723
724
726
728
730
351
0
3
4
8
9
10
11
12
13
14
16
17
18
22
26
27
28
30
32
35
36
40
41
42
43
44
45
46
48
49
50
51
52
54
56
58
59
60
66
68
69
72
73
76
79
82
83
84
86
88
90
91
92
98
104
105
107
109
112
113
116
117
118
119
120
121
122
125
129
131
136
137
139
141
144
145
148
149
150
151
152
154
157
158
162
164
165
167
170
174
177
179
181
182
183
184
186
189
190
194
196
197
199
201
202
203
204
205
206
211
212
214
218
219
220
222
223
224
225
226
227
228
229
233
234
235
236
237
238
243
244
246
251
252
253
254
257
262
263
264
268
269
273
276
277
280
281
283
284
285
286
289
294
295
296
300
301
302
304
306
307
308
310
311
313
314
318
321
322
323
326
332
333
334
336
338
339
340
342
343
345
346
350
351
357
359
360
365
371
373
378
380
382
383
389
391
392
397
402
404
406
409
411
412
413
415
422
424
425
426
431
434
436
438
441
443
444
445
447
450
451
453
454
455
457
461
462
463
465
468
470
471
472
473
477
480
481
482
483
485
486
487
489
493
494
495
497
505
506
507
512
515
517
518
522
523
525
526
528
537
538
539
544
547
549
550
552
554
560
562
563
564
565
566
569
571
575
576
577
581
582
584
586
592
594
595
596
597
598
604
605
606
607
608
609
610
611
616
617
620
622
623
624
625
626
627
628
636
637
638
639
640
641
642
643
648
649
651
654
661
664
665
667
669
672
675
677
680
681
683
686
693
696
697
699
700
702
703
704
709
710
713
715
716
717
720
724
726
729
730
731
350
1
3
6
7
10
12
21
28
29
31
32
33
35
36
37
38
39
40
42
53
54
56
59
63
66
68
69
76
77
78
81
82
84
85
86
87
90
92
94
96
101
104
105
107
111
116
121
124
125
128
129
133
135
138
140
142
145
146
147
150
151
158
159
160
161
163
164
166
167
168
169
171
172
173
184
187
188
191
192
198
200
202
205
206
210
212
214
216
218
221
223
225
228
229
230
232
233
235
236
243
244
246
247
248
249
250
251
253
254
255
256
258
262
267
269
271
272
273
276
277
279
281
282
285
288
290
294
295
297
301
305
307
308
310
312
313
318
319
320
321
322
325
326
333
336
339
340
341
343
344
345
346
347
348
349
350
357
359
360
361
365
366
367
369
373
374
377
379
381
382
383
387
389
393
396
397
398
399
402
404
406
408
415
417
418
421
422
423
426
431
433
434
435
436
439
440
443
449
450
453
454
455
456
457
460
461
462
466
470
472
474
476
478
479
481
483
484
485
489
493
496
497
498
499
502
503
504
507
508
509
510
511
512
514
515
516
518
519
520
521
524
525
528
529
536
538
539
542
543
546
548
549
550
552
554
556
557
558
559
564
566
567
568
569
570
575
576
579
581
586
591
593
594
596
598
600
601
602
603
605
606
608
609
610
611
612
614
616
621
623
624
626
628
630
632
633
635
636
638
640
641
642
645
647
648
649
650
651
656
659
660
661
662
663
664
666
668
673
674
675
677
679
681
685
686
687
696
697
700
701
702
704
706
707
708
709
714
718
719
720
722
723
725
727
728
730
733
735
736
739
367
0
1
3
4
7
8
10
14
16
18
19
20
22
23
24
25
28
29
30
31
32
33
35
36
39
40
42
46
48
52
53
55
56
57
59
61
65
67
68
69
70
71
74
75
76
78
79
84
85
87
88
89
91
93
97
99
104
105
107
110
115
116
118
119
120
123
124
125
129
130
131
136
137
139
142
147
148
152
156
158
161
162
163
164
165
169
170
172
173
174
176
177
184
188
190
193
194
195
196
197
201
204
208
209
210
212
214
216
217
218
220
221
222
223
226
228
229
230
233
236
240
241
242
244
246
248
249
253
254
256
258
259
260
264
270
274
275
276
278
279
280
285
286
288
290
291
292
296
300
301
302
304
305
306
307
311
313
314
315
317
319
322
325
326
327
328
329
330
332
333
334
336
337
338
339
343
345
346
347
349
352
354
356
359
360
361
364
365
366
367
368
369
370
371
372
374
377
378
384
386
388
391
392
393
396
397
398
399
404
408
411
414
415
416
418
422
423
424
425
427
428
431
436
440
443
446
447
448
450
451
452
454
455
457
460
462
468
470
473
475
477
478
479
480
481
482
483
484
486
487
489
492
494
502
503
504
506
509
510
511
512
514
515
516
518
520
523
525
528
530
531
534
535
536
538
541
542
543
544
546
547
548
554
555
557
559
561
562
564
566
568
569
571
573
574
576
577
580
581
586
587
589
591
593
594
596
598
602
604
605
607
608
611
612
613
615
616
619
621
622
625
629
634
636
637
639
640
643
644
645
647
648
650
653
655
658
661
666
668
670
671
672
675
676
679
680
682
685
687
690
693
698
703
706
707
708
709
713
714
718
724
726
730
731
735
738
739
