Total test cases : 29
2 27.4164078649987413576994500441 5.23606797749979
1 751.65942021996484332366396257465611442668551805159149194481 5.23606797749979
0 564991.8840054136931544967850659394778685747146893578056974875265211289175956259477423286430690698465642513951160859361 3935.7398201998160738245953497908173643920031347489067999248780041084665899
3935.7398201998160738245953497908173643920031347489067999248780041084665899
6 27.4164078649987413576994500441 1
3 751.65942021996484332366396257465611442668551805159149194481 1
1 564991.8840054136931544967850659394778685747146893578056974875265211289175956259477423286430690698465642513951160859361 751.65942021996484332366396257465611442668551805159149194481
0 319215828991.98684138954339140626746501342188366943809816293527705092124658663239689007016167103845077178749713788715217007392687364093678265586172877984337365866649796728851145645059091667324505900448328147694883500898208766356021328321 424681471.960494884700959570019020455881430178329981737644568615897706968297115309551807154188534739796161312588919518310084995387234661800911132562086951682582751947158878386641
424681471.960494884700959570019020455881430178329981737644568615897706968297115309551807154188534739796161312588919518310084995387234661800911132562086951682582751947158878386641
3 27.4164078649987413576994500441 5.23606797749979
1 751.65942021996484332366396257465611442668551805159149194481 143.554175279993295255203313709587855923240739
0 564991.8840054136931544967850659394778685747146893578056974875265211289175956259477423286430690698465642513951160859361 107903.84816111496958933639421214967190737914099597045487690990931499094898383261026744667543178893161459
107903.84816111496958933639421214967190737914099597045487690990931499094898383261026744667543178893161459
2 27.4164078649987413576994500441 1
1 751.65942021996484332366396257465611442668551805159149194481 1
0 564991.8840054136931544967850659394778685747146893578056974875265211289175956259477423286430690698465642513951160859361 751.65942021996484332366396257465611442668551805159149194481
751.65942021996484332366396257465611442668551805159149194481
1 27.4164078649987413576994500441 1
0 751.65942021996484332366396257465611442668551805159149194481 27.4164078649987413576994500441
27.4164078649987413576994500441
11 27.4164078649987413576994500441 1
5 751.65942021996484332366396257465611442668551805159149194481 27.4164078649987413576994500441
2 564991.8840054136931544967850659394778685747146893578056974875265211289175956259477423286430690698465642513951160859361 20607.801240319038090180497701559606960220460299291846077560355852478471123623152149266121
1 319215828991.98684138954339140626746501342188366943809816293527705092124658663239689007016167103845077178749713788715217007392687364093678265586172877984337365866649796728851145645059091667324505900448328147694883500898208766356021328321 20607.801240319038090180497701559606960220460299291846077560355852478471123623152149266121
0 101898745479041386862573.4219493626241662446696455000086763417965166674392762509275555581088887337048178537293589213032610909769060392314599710114306509771702689602760675226680712541581251046019989238680915211531000995219118479182730095176035107734347017233320901555658904881429246629531356482842638815843980927753301038638146924692196324527706845959043178712406066680965925127490730359883221231228761839990823618034581868845656060036352783729496919088523709991449276679041 6578336356630536.38848810345507243505085115436245005329427774408546683005580198974651064818025304376184341953638285109743215175790158409234492756886705107857920089147237906647056625333433253497621628905279522926769396809300645719453861360727355977213230694973058637130039754299129978513155487368142413626379427496463743112841
6578336356630536.38848810345507243505085115436245005329427774408546683005580198974651064818025304376184341953638285109743215175790158409234492756886705107857920089147237906647056625333433253497621628905279522926769396809300645719453861360727355977213230694973058637130039754299129978513155487368142413626379427496463743112841
6 27.4164078649987413576994500441 5.23606797749979
3 751.65942021996484332366396257465611442668551805159149194481 5.23606797749979
1 564991.8840054136931544967850659394778685747146893578056974875265211289175956259477423286430690698465642513951160859361 3935.7398201998160738245953497908173643920031347489067999248780041084665899
0 319215828991.98684138954339140626746501342188366943809816293527705092124658663239689007016167103845077178749713788715217007392687364093678265586172877984337365866649796728851145645059091667324505900448328147694883500898208766356021328321 2223661055.96982222772613736417297487344850409935999670430308271033857551296979465950587492308698586919059553397585191727251728655148950708476194225262282693792325370449103284719890052411630539
2223661055.96982222772613736417297487344850409935999670430308271033857551296979465950587492308698586919059553397585191727251728655148950708476194225262282693792325370449103284719890052411630539
13 27.4164078649987413576994500441 5.23606797749979
6 751.65942021996484332366396257465611442668551805159149194481 143.554175279993295255203313709587855923240739
3 564991.8840054136931544967850659394778685747146893578056974875265211289175956259477423286430690698465642513951160859361 143.554175279993295255203313709587855923240739
1 319215828991.98684138954339140626746501342188366943809816293527705092124658663239689007016167103845077178749713788715217007392687364093678265586172877984337365866649796728851145645059091667324505900448328147694883500898208766356021328321 81106943.9482867976496183123219444252769000241000576059938346413484784964428583929773971607019802090031037471252559134860814169269571403112032637016222359324707779
0 101898745479041386862573.4219493626241662446696455000086763417965166674392762509275555581088887337048178537293589213032610909769060392314599710114306509771702689602760675226680712541581251046019989238680915211531000995219118479182730095176035107734347017233320901555658904881429246629531356482842638815843980927753301038638146924692196324527706845959043178712406066680965925127490730359883221231228761839990823618034581868845656060036352783729496919088523709991449276679041 25890620349458980435.211125226476867090566119452435695578430833847712149692100469011217433625691889839079841352385789126023212133917124335802071324286520748314641150941227059323757016163124337445460147247764298804902872792537715378534704083059485223426457167568710235348624694077567253898396429043020919324944833730749251692907954176884425260511858482614511003609734710908220785878473738034741709059
25890620349458980435.211125226476867090566119452435695578430833847712149692100469011217433625691889839079841352385789126023212133917124335802071324286520748314641150941227059323757016163124337445460147247764298804902872792537715378534704083059485223426457167568710235348624694077567253898396429043020919324944833730749251692907954176884425260511858482614511003609734710908220785878473738034741709059
12 27.4164078649987413576994500441 5.23606797749979
6 751.65942021996484332366396257465611442668551805159149194481 5.23606797749979
3 564991.8840054136931544967850659394778685747146893578056974875265211289175956259477423286430690698465642513951160859361 5.23606797749979
1 319215828991.98684138954339140626746501342188366943809816293527705092124658663239689007016167103845077178749713788715217007392687364093678265586172877984337365866649796728851145645059091667324505900448328147694883500898208766356021328321 2958335.911388022427070630439534903481695850169860792865762196724683768630191123881969000347805958055290870621559258972358346859703419
0 101898745479041386862573.4219493626241662446696455000086763417965166674392762509275555581088887337048178537293589213032610909769060392314599710114306509771702689602760675226680712541581251046019989238680915211531000995219118479182730095176035107734347017233320901555658904881429246629531356482842638815843980927753301038638146924692196324527706845959043178712406066680965925127490730359883221231228761839990823618034581868845656060036352783729496919088523709991449276679041 944347650390492504.84698140674612712780522059137457171279371231494222167111087038903880764060556431401201938242457975797967185477201172602563805372238134517033100739355004044828724359341479650837135652331763131095433094318508705814883673489925340780804137084888276507318236247915447893780766586616681312474235510062917480772244034848067814878896139176974224260485229499
944347650390492504.84698140674612712780522059137457171279371231494222167111087038903880764060556431401201938242457975797967185477201172602563805372238134517033100739355004044828724359341479650837135652331763131095433094318508705814883673489925340780804137084888276507318236247915447893780766586616681312474235510062917480772244034848067814878896139176974224260485229499
3 27.4164078649987413576994500441 1
1 751.65942021996484332366396257465611442668551805159149194481 27.4164078649987413576994500441
0 564991.8840054136931544967850659394778685747146893578056974875265211289175956259477423286430690698465642513951160859361 20607.801240319038090180497701559606960220460299291846077560355852478471123623152149266121
20607.801240319038090180497701559606960220460299291846077560355852478471123623152149266121
12 27.4164078649987413576994500441 1
6 751.65942021996484332366396257465611442668551805159149194481 1
3 564991.8840054136931544967850659394778685747146893578056974875265211289175956259477423286430690698465642513951160859361 1
1 319215828991.98684138954339140626746501342188366943809816293527705092124658663239689007016167103845077178749713788715217007392687364093678265586172877984337365866649796728851145645059091667324505900448328147694883500898208766356021328321 564991.8840054136931544967850659394778685747146893578056974875265211289175956259477423286430690698465642513951160859361
0 101898745479041386862573.4219493626241662446696455000086763417965166674392762509275555581088887337048178537293589213032610909769060392314599710114306509771702689602760675226680712541581251046019989238680915211531000995219118479182730095176035107734347017233320901555658904881429246629531356482842638815843980927753301038638146924692196324527706845959043178712406066680965925127490730359883221231228761839990823618034581868845656060036352783729496919088523709991449276679041 180354352626532602.968108234151119828645194919366110770422437510878173159276589014719730254743174876469700196734819490800047804930370527464121989912257362550295992875063013371046519578196732125501282768070019117763760095721526076724609951910305499065294084028855883361347827767895009529913789935735817138869232646861360834305226747651765421795647087262881
180354352626532602.968108234151119828645194919366110770422437510878173159276589014719730254743174876469700196734819490800047804930370527464121989912257362550295992875063013371046519578196732125501282768070019117763760095721526076724609951910305499065294084028855883361347827767895009529913789935735817138869232646861360834305226747651765421795647087262881
15 27.4164078649987413576994500441 1
7 751.65942021996484332366396257465611442668551805159149194481 27.4164078649987413576994500441
3 564991.8840054136931544967850659394778685747146893578056974875265211289175956259477423286430690698465642513951160859361 20607.801240319038090180497701559606960220460299291846077560355852478471123623152149266121
1 319215828991.98684138954339140626746501342188366943809816293527705092124658663239689007016167103845077178749713788715217007392687364093678265586172877984337365866649796728851145645059091667324505900448328147694883500898208766356021328321 11643240447.9769544041427868296445470169293509852129328020460422348298197790576066405315040010175459229300328525729414572504719760248183843436055712431747995073112782810367811438408704906354413690795843008681
0 101898745479041386862573.4219493626241662446696455000086763417965166674392762509275555581088887337048178537293589213032610909769060392314599710114306509771702689602760675226680712541581251046019989238680915211531000995219118479182730095176035107734347017233320901555658904881429246629531356482842638815843980927753301038638146924692196324527706845959043178712406066680965925127490730359883221231228761839990823618034581868845656060036352783729496919088523709991449276679041 3716706651753995740564.317539282691131553033633276677188319967259036457393246103791692234882694565332262242291104992129428762554024315113656819512029018309610360040352622184894930250539889535047915250609692980732743408216807399519389223148618846901942602810306023436074401945940082472571802694675095805971266407067424343623827092551958781874973249974488260031327119576417455119261081784100990684085711671659098542631646055372497221590754154601
3716706651753995740564.317539282691131553033633276677188319967259036457393246103791692234882694565332262242291104992129428762554024315113656819512029018309610360040352622184894930250539889535047915250609692980732743408216807399519389223148618846901942602810306023436074401945940082472571802694675095805971266407067424343623827092551958781874973249974488260031327119576417455119261081784100990684085711671659098542631646055372497221590754154601
4 27.4164078649987413576994500441 1
2 751.65942021996484332366396257465611442668551805159149194481 1
1 564991.8840054136931544967850659394778685747146893578056974875265211289175956259477423286430690698465642513951160859361 1
0 319215828991.98684138954339140626746501342188366943809816293527705092124658663239689007016167103845077178749713788715217007392687364093678265586172877984337365866649796728851145645059091667324505900448328147694883500898208766356021328321 564991.8840054136931544967850659394778685747146893578056974875265211289175956259477423286430690698465642513951160859361
564991.8840054136931544967850659394778685747146893578056974875265211289175956259477423286430690698465642513951160859361
1 27.4164078649987413576994500441 5.23606797749979
0 751.65942021996484332366396257465611442668551805159149194481 143.554175279993295255203313709587855923240739
143.554175279993295255203313709587855923240739
5 27.4164078649987413576994500441 1
2 751.65942021996484332366396257465611442668551805159149194481 27.4164078649987413576994500441
1 564991.8840054136931544967850659394778685747146893578056974875265211289175956259477423286430690698465642513951160859361 27.4164078649987413576994500441
0 319215828991.98684138954339140626746501342188366943809816293527705092124658663239689007016167103845077178749713788715217007392687364093678265586172877984337365866649796728851145645059091667324505900448328147694883500898208766356021328321 15490047.93230648055689496569047577328166859613931487702864222363367025467725059987170103223281792586694366285845034594096457020254656212032453478201
15490047.93230648055689496569047577328166859613931487702864222363367025467725059987170103223281792586694366285845034594096457020254656212032453478201
9 27.4164078649987413576994500441 1
4 751.65942021996484332366396257465611442668551805159149194481 27.4164078649987413576994500441
2 564991.8840054136931544967850659394778685747146893578056974875265211289175956259477423286430690698465642513951160859361 27.4164078649987413576994500441
1 319215828991.98684138954339140626746501342188366943809816293527705092124658663239689007016167103845077178749713788715217007392687364093678265586172877984337365866649796728851145645059091667324505900448328147694883500898208766356021328321 27.4164078649987413576994500441
0 101898745479041386862573.4219493626241662446696455000086763417965166674392762509275555581088887337048178537293589213032610909769060392314599710114306509771702689602760675226680712541581251046019989238680915211531000995219118479182730095176035107734347017233320901555658904881429246629531356482842638815843980927753301038638146924692196324527706845959043178712406066680965925127490730359883221231228761839990823618034581868845656060036352783729496919088523709991449276679041 8751751364608.001281703410529281420933781338133694908185665046572273138726649724855808866165950408220353802213223941527392428948579979234402613561891705590761463655953197587080138420604228265343825297491191502988958302788795877574070897589135141509837859916640289561
8751751364608.001281703410529281420933781338133694908185665046572273138726649724855808866165950408220353802213223941527392428948579979234402613561891705590761463655953197587080138420604228265343825297491191502988958302788795877574070897589135141509837859916640289561
14 27.4164078649987413576994500441 5.23606797749979
7 751.65942021996484332366396257465611442668551805159149194481 5.23606797749979
3 564991.8840054136931544967850659394778685747146893578056974875265211289175956259477423286430690698465642513951160859361 3935.7398201998160738245953497908173643920031347489067999248780041084665899
1 319215828991.98684138954339140626746501342188366943809816293527705092124658663239689007016167103845077178749713788715217007392687364093678265586172877984337365866649796728851145645059091667324505900448328147694883500898208766356021328321 2223661055.96982222772613736417297487344850409935999670430308271033857551296979465950587492308698586919059553397585191727251728655148950708476194225262282693792325370449103284719890052411630539
0 101898745479041386862573.4219493626241662446696455000086763417965166674392762509275555581088887337048178537293589213032610909769060392314599710114306509771702689602760675226680712541581251046019989238680915211531000995219118479182730095176035107734347017233320901555658904881429246629531356482842638815843980927753301038638146924692196324527706845959043178712406066680965925127490730359883221231228761839990823618034581868845656060036352783729496919088523709991449276679041 709827807378603652668.8441080403738109826176548673318934250771763847056852793016627496875418561623833780779224433782717811317153514531795088871756720265337535433411826270410555567700741355017997626481473751895897448472357273260662721649868214996940592785352626327480804382087144473793447103368177687481411232573144212926727350000343688349727847794026911188692644670141469722080845640908726510975754028832009351767887964269195019
709827807378603652668.8441080403738109826176548673318934250771763847056852793016627496875418561623833780779224433782717811317153514531795088871756720265337535433411826270410555567700741355017997626481473751895897448472357273260662721649868214996940592785352626327480804382087144473793447103368177687481411232573144212926727350000343688349727847794026911188692644670141469722080845640908726510975754028832009351767887964269195019
11 27.4164078649987413576994500441 5.23606797749979
5 751.65942021996484332366396257465611442668551805159149194481 143.554175279993295255203313709587855923240739
2 564991.8840054136931544967850659394778685747146893578056974875265211289175956259477423286430690698465642513951160859361 107903.84816111496958933639421214967190737914099597045487690990931499094898383261026744667543178893161459
1 319215828991.98684138954339140626746501342188366943809816293527705092124658663239689007016167103845077178749713788715217007392687364093678265586172877984337365866649796728851145645059091667324505900448328147694883500898208766356021328321 107903.84816111496958933639421214967190737914099597045487690990931499094898383261026744667543178893161459
0 101898745479041386862573.4219493626241662446696455000086763417965166674392762509275555581088887337048178537293589213032610909769060392314599710114306509771702689602760675226680712541581251046019989238680915211531000995219118479182730095176035107734347017233320901555658904881429246629531356482842638815843980927753301038638146924692196324527706845959043178712406066680965925127490730359883221231228761839990823618034581868845656060036352783729496919088523709991449276679041 34444616342175789.9317761657281703046109847482647734737549199652856610936673613885581760288815448430521766122643621556933125818997383563105815187952422996726159279046514752235006667057720923688121646253908799014126420746035516364837485912402799942964366418651328777666044931847384512825459369259124848299629765967215526012315867176302380339
34444616342175789.9317761657281703046109847482647734737549199652856610936673613885581760288815448430521766122643621556933125818997383563105815187952422996726159279046514752235006667057720923688121646253908799014126420746035516364837485912402799942964366418651328777666044931847384512825459369259124848299629765967215526012315867176302380339
10 27.4164078649987413576994500441 1
5 751.65942021996484332366396257465611442668551805159149194481 1
2 564991.8840054136931544967850659394778685747146893578056974875265211289175956259477423286430690698465642513951160859361 751.65942021996484332366396257465611442668551805159149194481
1 319215828991.98684138954339140626746501342188366943809816293527705092124658663239689007016167103845077178749713788715217007392687364093678265586172877984337365866649796728851145645059091667324505900448328147694883500898208766356021328321 751.65942021996484332366396257465611442668551805159149194481
0 101898745479041386862573.4219493626241662446696455000086763417965166674392762509275555581088887337048178537293589213032610909769060392314599710114306509771702689602760675226680712541581251046019989238680915211531000995219118479182730095176035107734347017233320901555658904881429246629531356482842638815843980927753301038638146924692196324527706845959043178712406066680965925127490730359883221231228761839990823618034581868845656060036352783729496919088523709991449276679041 239941584945152.2736571520736016850563372598236611954391605914750767069567287516038695428634188540451893793033425785976753623126215081249791738212700902783359556757470074391723049317862088578393848506561726221513049423209818077164834096450193212004765344860066768706524745690835697471342782196401
239941584945152.2736571520736016850563372598236611954391605914750767069567287516038695428634188540451893793033425785976753623126215081249791738212700902783359556757470074391723049317862088578393848506561726221513049423209818077164834096450193212004765344860066768706524745690835697471342782196401
13 27.4164078649987413576994500441 1
6 751.65942021996484332366396257465611442668551805159149194481 27.4164078649987413576994500441
3 564991.8840054136931544967850659394778685747146893578056974875265211289175956259477423286430690698465642513951160859361 27.4164078649987413576994500441
1 319215828991.98684138954339140626746501342188366943809816293527705092124658663239689007016167103845077178749713788715217007392687364093678265586172877984337365866649796728851145645059091667324505900448328147694883500898208766356021328321 15490047.93230648055689496569047577328166859613931487702864222363367025467725059987170103223281792586694366285845034594096457020254656212032453478201
0 101898745479041386862573.4219493626241662446696455000086763417965166674392762509275555581088887337048178537293589213032610909769060392314599710114306509771702689602760675226680712541581251046019989238680915211531000995219118479182730095176035107734347017233320901555658904881429246629531356482842638815843980927753301038638146924692196324527706845959043178712406066680965925127490730359883221231228761839990823618034581868845656060036352783729496919088523709991449276679041 4944668491836824862.0764608779752808599495487091231685568122954555566749752240274296481344089754258633105620699167258555817507329805854308078446346387202524984627708061973373235539353927271055510074534627124233835694205139735057912247355881994262015671050456813973491634673468142329101458323108552789112658582634495820164183940574901239979198846802065181337280400316420435756637430521
4944668491836824862.0764608779752808599495487091231685568122954555566749752240274296481344089754258633105620699167258555817507329805854308078446346387202524984627708061973373235539353927271055510074534627124233835694205139735057912247355881994262015671050456813973491634673468142329101458323108552789112658582634495820164183940574901239979198846802065181337280400316420435756637430521
8 27.4164078649987413576994500441 1
4 751.65942021996484332366396257465611442668551805159149194481 1
2 564991.8840054136931544967850659394778685747146893578056974875265211289175956259477423286430690698465642513951160859361 1
1 319215828991.98684138954339140626746501342188366943809816293527705092124658663239689007016167103845077178749713788715217007392687364093678265586172877984337365866649796728851145645059091667324505900448328147694883500898208766356021328321 1
0 101898745479041386862573.4219493626241662446696455000086763417965166674392762509275555581088887337048178537293589213032610909769060392314599710114306509771702689602760675226680712541581251046019989238680915211531000995219118479182730095176035107734347017233320901555658904881429246629531356482842638815843980927753301038638146924692196324527706845959043178712406066680965925127490730359883221231228761839990823618034581868845656060036352783729496919088523709991449276679041 319215828991.98684138954339140626746501342188366943809816293527705092124658663239689007016167103845077178749713788715217007392687364093678265586172877984337365866649796728851145645059091667324505900448328147694883500898208766356021328321
319215828991.98684138954339140626746501342188366943809816293527705092124658663239689007016167103845077178749713788715217007392687364093678265586172877984337365866649796728851145645059091667324505900448328147694883500898208766356021328321
10 27.4164078649987413576994500441 5.23606797749979
5 751.65942021996484332366396257465611442668551805159149194481 5.23606797749979
2 564991.8840054136931544967850659394778685747146893578056974875265211289175956259477423286430690698465642513951160859361 3935.7398201998160738245953497908173643920031347489067999248780041084665899
1 319215828991.98684138954339140626746501342188366943809816293527705092124658663239689007016167103845077178749713788715217007392687364093678265586172877984337365866649796728851145645059091667324505900448328147694883500898208766356021328321 3935.7398201998160738245953497908173643920031347489067999248780041084665899
0 101898745479041386862573.4219493626241662446696455000086763417965166674392762509275555581088887337048178537293589213032610909769060392314599710114306509771702689602760675226680712541581251046019989238680915211531000995219118479182730095176035107734347017233320901555658904881429246629531356482842638815843980927753301038638146924692196324527706845959043178712406066680965925127490730359883221231228761839990823618034581868845656060036352783729496919088523709991449276679041 1256350449401857.526224692304456038211592353248907851423794853651566410928069128318112165436874305231761128933983844737911118604322310944873869383252382458426492781679828493012478086628863892623977750959259058740017172073725595706453773972679848590576585904901882541371270220168754054698059028786340986471625579
1256350449401857.526224692304456038211592353248907851423794853651566410928069128318112165436874305231761128933983844737911118604322310944873869383252382458426492781679828493012478086628863892623977750959259058740017172073725595706453773972679848590576585904901882541371270220168754054698059028786340986471625579
7 27.4164078649987413576994500441 1
3 751.65942021996484332366396257465611442668551805159149194481 27.4164078649987413576994500441
1 564991.8840054136931544967850659394778685747146893578056974875265211289175956259477423286430690698465642513951160859361 20607.801240319038090180497701559606960220460299291846077560355852478471123623152149266121
0 319215828991.98684138954339140626746501342188366943809816293527705092124658663239689007016167103845077178749713788715217007392687364093678265586172877984337365866649796728851145645059091667324505900448328147694883500898208766356021328321 11643240447.9769544041427868296445470169293509852129328020460422348298197790576066405315040010175459229300328525729414572504719760248183843436055712431747995073112782810367811438408704906354413690795843008681
11643240447.9769544041427868296445470169293509852129328020460422348298197790576066405315040010175459229300328525729414572504719760248183843436055712431747995073112782810367811438408704906354413690795843008681
9 27.4164078649987413576994500441 5.23606797749979
4 751.65942021996484332366396257465611442668551805159149194481 143.554175279993295255203313709587855923240739
2 564991.8840054136931544967850659394778685747146893578056974875265211289175956259477423286430690698465642513951160859361 143.554175279993295255203313709587855923240739
1 319215828991.98684138954339140626746501342188366943809816293527705092124658663239689007016167103845077178749713788715217007392687364093678265586172877984337365866649796728851145645059091667324505900448328147694883500898208766356021328321 143.554175279993295255203313709587855923240739
0 101898745479041386862573.4219493626241662446696455000086763417965166674392762509275555581088887337048178537293589213032610909769060392314599710114306509771702689602760675226680712541581251046019989238680915211531000995219118479182730095176035107734347017233320901555658904881429246629531356482842638815843980927753301038638146924692196324527706845959043178712406066680965925127490730359883221231228761839990823618034581868845656060036352783729496919088523709991449276679041 45824765067264.04448361961684463761652085946349054342842475529896740653141024557281755401254989641347375245790330423296944715926588287095679128941808914941779582243179255521707283033889993899219884977961231671380810695509953535910601736404686191149109930114693397360609713841669219
45824765067264.04448361961684463761652085946349054342842475529896740653141024557281755401254989641347375245790330423296944715926588287095679128941808914941779582243179255521707283033889993899219884977961231671380810695509953535910601736404686191149109930114693397360609713841669219
5 27.4164078649987413576994500441 5.23606797749979
2 751.65942021996484332366396257465611442668551805159149194481 143.554175279993295255203313709587855923240739
1 564991.8840054136931544967850659394778685747146893578056974875265211289175956259477423286430690698465642513951160859361 143.554175279993295255203313709587855923240739
0 319215828991.98684138954339140626746501342188366943809816293527705092124658663239689007016167103845077178749713788715217007392687364093678265586172877984337365866649796728851145645059091667324505900448328147694883500898208766356021328321 81106943.9482867976496183123219444252769000241000576059938346413484784964428583929773971607019802090031037471252559134860814169269571403112032637016222359324707779
81106943.9482867976496183123219444252769000241000576059938346413484784964428583929773971607019802090031037471252559134860814169269571403112032637016222359324707779
8 27.4164078649987413576994500441 5.23606797749979
4 751.65942021996484332366396257465611442668551805159149194481 5.23606797749979
2 564991.8840054136931544967850659394778685747146893578056974875265211289175956259477423286430690698465642513951160859361 5.23606797749979
1 319215828991.98684138954339140626746501342188366943809816293527705092124658663239689007016167103845077178749713788715217007392687364093678265586172877984337365866649796728851145645059091667324505900448328147694883500898208766356021328321 5.23606797749979
0 101898745479041386862573.4219493626241662446696455000086763417965166674392762509275555581088887337048178537293589213032610909769060392314599710114306509771702689602760675226680712541581251046019989238680915211531000995219118479182730095176035107734347017233320901555658904881429246629531356482842638815843980927753301038638146924692196324527706845959043178712406066680965925127490730359883221231228761839990823618034581868845656060036352783729496919088523709991449276679041 1671435780095.9913689770714378524139622446846166116222026138763995708051597184663794583837684506254065234157561239017441119947660087922823961227704040075703053166668982501198973761896943223392946603709715576131797579073518748309135401768766717629855259
1671435780095.9913689770714378524139622446846166116222026138763995708051597184663794583837684506254065234157561239017441119947660087922823961227704040075703053166668982501198973761896943223392946603709715576131797579073518748309135401768766717629855259
7 27.4164078649987413576994500441 5.23606797749979
3 751.65942021996484332366396257465611442668551805159149194481 143.554175279993295255203313709587855923240739
1 564991.8840054136931544967850659394778685747146893578056974875265211289175956259477423286430690698465642513951160859361 107903.84816111496958933639421214967190737914099597045487690990931499094898383261026744667543178893161459
0 319215828991.98684138954339140626746501342188366943809816293527705092124658663239689007016167103845077178749713788715217007392687364093678265586172877984337365866649796728851145645059091667324505900448328147694883500898208766356021328321 60964798463.982440533015564295885690357602699718657958299945733510516524838350344996124759582246588006849414307736341940392341192718676688399875276616270275965254294624031399878501985607700741596413336564099677148564567699
60964798463.982440533015564295885690357602699718657958299945733510516524838350344996124759582246588006849414307736341940392341192718676688399875276616270275965254294624031399878501985607700741596413336564099677148564567699
14 27.4164078649987413576994500441 1
7 751.65942021996484332366396257465611442668551805159149194481 1
3 564991.8840054136931544967850659394778685747146893578056974875265211289175956259477423286430690698465642513951160859361 751.65942021996484332366396257465611442668551805159149194481
1 319215828991.98684138954339140626746501342188366943809816293527705092124658663239689007016167103845077178749713788715217007392687364093678265586172877984337365866649796728851145645059091667324505900448328147694883500898208766356021328321 424681471.960494884700959570019020455881430178329981737644568615897706968297115309551807154188534739796161312588919518310084995387234661800911132562086951682582751947158878386641
0 101898745479041386862573.4219493626241662446696455000086763417965166674392762509275555581088887337048178537293589213032610909769060392314599710114306509771702689602760675226680712541581251046019989238680915211531000995219118479182730095176035107734347017233320901555658904881429246629531356482842638815843980927753301038638146924692196324527706845959043178712406066680965925127490730359883221231228761839990823618034581868845656060036352783729496919088523709991449276679041 135565048129406589876.33459986420656458113929026924936111107501731255722816538573095093135139872467000680219007414131690215385196037643149903105984315715089016152945548995691523991925964022727067568377364558985680917142172401370285126842200151677851816026270948495563828023288017586058805424929158919414228985552645857977545623954537776639915468109173052487405254096977974599675414886981993340036580246426241359761
135565048129406589876.33459986420656458113929026924936111107501731255722816538573095093135139872467000680219007414131690215385196037643149903105984315715089016152945548995691523991925964022727067568377364558985680917142172401370285126842200151677851816026270948495563828023288017586058805424929158919414228985552645857977545623954537776639915468109173052487405254096977974599675414886981993340036580246426241359761
4 27.4164078649987413576994500441 5.23606797749979
2 751.65942021996484332366396257465611442668551805159149194481 5.23606797749979
1 564991.8840054136931544967850659394778685747146893578056974875265211289175956259477423286430690698465642513951160859361 5.23606797749979
0 319215828991.98684138954339140626746501342188366943809816293527705092124658663239689007016167103845077178749713788715217007392687364093678265586172877984337365866649796728851145645059091667324505900448328147694883500898208766356021328321 2958335.911388022427070630439534903481695850169860792865762196724683768630191123881969000347805958055290870621559258972358346859703419
2958335.911388022427070630439534903481695850169860792865762196724683768630191123881969000347805958055290870621559258972358346859703419
