1
2
3
4
5
6
7
8
9
10
20
22
30
36
40
44
50
60
63
66
70
80
88
90
100
101
102
103
104
105
106
107
108
109
110
120
123
130
132
138
140
145
150
154
159
160
167
170
176
180
183
189
190
195
198
200
201
202
203
204
205
206
207
208
209
210
213
220
224
230
231
235
240
242
246
250
253
257
260
264
268
270
275
279
280
286
290
297
300
301
302
303
304
305
306
307
308
309
310
312
318
320
321
325
330
333
340
345
347
350
352
354
357
360
369
370
374
375
380
381
390
396
400
401
402
403
404
405
406
407
408
409
410
415
420
422
426
430
435
437
440
448
450
451
453
456
459
460
462
465
466
470
473
480
484
490
495
500
501
502
503
504
505
506
507
508
509
510
514
519
520
523
527
530
532
534
537
540
541
543
546
549
550
560
564
570
572
573
578
579
580
587
590
591
594
597
600
601
602
603
604
605
606
607
608
609
610
617
620
624
628
630
639
640
642
645
646
650
654
660
664
666
670
671
678
680
682
687
690
693
700
701
702
703
704
705
706
707
708
709
710
716
720
725
729
730
734
735
740
743
750
752
753
758
759
760
761
768
770
780
785
786
789
790
792
795
798
800
801
802
803
804
805
806
807
808
809
810
813
819
820
826
830
831
840
844
850
857
860
862
867
870
875
876
879
880
890
891
897
900
901
902
903
904
905
906
907
908
909
910
915
918
920
927
930
936
940
945
950
951
954
957
960
963
970
972
975
978
980
981
987
990
999
1000
1001
1002
1003
1004
1005
1006
1007
1008
1009
1010
1011
1012
1013
1014
1015
1016
1017
1018
1019
1020
1021
1022
1023
1024
1025
1026
1027
1028
1029
1030
1031
1032
1033
1034
1035
1036
1037
1038
1039
1040
1041
1042
1043
1044
1045
1046
1047
1048
1049
1050
1051
1052
1053
1054
1055
1056
1057
1058
1059
1060
1061
1062
1063
1064
1065
1066
1067
1068
1069
1070
1071
1072
1073
1074
1075
1076
1077
1078
1079
1080
1081
1082
1083
1084
1085
1086
1087
1088
1089
1090
1091
1092
1093
1094
1095
1096
1097
1098
1099
1100
1101
1102
1103
1104
1105
1106
1107
1108
1109
1110
1120
1124
1130
1140
1142
1146
1150
1160
1164
1168
1170
1180
1186
1190
1200
1201
1202
1203
1204
1205
1206
1207
1208
1209
1210
1214
1220
1225
1230
1233
1236
1240
1241
1247
1250
1252
1258
1260
1263
1269
1270
1274
1280
1285
1290
1296
1300
1301
1302
1303
1304
1305
1306
1307
1308
1309
1310
1320
1323
1326
1330
1332
1340
1344
1348
1350
1356
1360
1362
1365
1368
1370
1380
1384
1386
1390
1400
1401
1402
1403
1404
1405
1406
1407
1408
1409
1410
1412
1416
1420
1421
1427
1430
1434
1438
1440
1443
1447
1449
1450
1460
1461
1470
1472
1474
1479
1480
1483
1490
1494
1497
1500
1501
1502
1503
1504
1505
1506
1507
1508
1509
1510
1520
1522
1528
1530
1536
1540
1550
1560
1563
1566
1568
1570
1580
1582
1586
1590
1600
1601
1602
1603
1604
1605
1606
1607
1608
1609
1610
1614
1618
1620
1623
1629
1630
1632
1635
1638
1640
1641
1650
1653
1656
1658
1660
1665
1670
1677
1680
1681
1683
1685
1689
1690
1692
1698
1700
1701
1702
1703
1704
1705
1706
1707
1708
1709
1710
1720
1724
1730
1740
1742
1744
1749
1750
1760
1767
1770
1776
1780
1790
1794
1800
1801
1802
1803
1804
1805
1806
1807
1808
1809
1810
1816
1820
1825
1830
1834
1836
1840
1843
1850
1852
1856
1860
1861
1863
1865
1869
1870
1880
1890
1896
1899
1900
1901
1902
1903
1904
1905
1906
1907
1908
1909
1910
1920
1926
1930
1940
1944
1947
1950
1960
1962
1968
1970
1974
1980
1986
1989
1990
1998
2000
2001
2002
2003
2004
2005
2006
2007
2008
2009
2010
2011
2012
2013
2014
2015
2016
2017
2018
2019
2020
2021
2022
2023
2024
2025
2026
2027
2028
2029
2030
2031
2032
2033
2034
2035
2036
2037
2038
2039
2040
2041
2042
2043
2044
2045
2046
2047
2048
2049
2050
2051
2052
2053
2054
2055
2056
2057
2058
2059
2060
2061
2062
2063
2064
2065
2066
2067
2068
2069
2070
2071
2072
2073
2074
2075
2076
2077
2078
2079
2080
2081
2082
2083
2084
2085
2086
2087
2088
2089
2090
2091
2092
2093
2094
2095
2096
2097
2098
2099
2100
2101
2102
2103
2104
2105
2106
2107
2108
2109
2110
2114
2120
2125
2130
2133
2136
2140
2141
2147
2150
2152
2158
2160
2163
2169
2170
2174
2180
2185
2190
2196
2200
2201
2202
2203
2204
2205
2206
2207
2208
2209
2210
2215
2220
2222
2226
2230
2235
2237
2240
2248
2250
2251
2253
2256
2259
2260
2262
2265
2266
2270
2273
2280
2284
2290
2295
2300
2301
2302
2303
2304
2305
2306
2307
2308
2309
2310
2313
2316
2320
2325
2327
2330
2331
2334
2338
2340
2343
2349
2350
2352
2355
2360
2361
2367
2370
2372
2376
2379
2380
2383
2390
2394
2397
2400
2401
2402
2403
2404
2405
2406
2407
2408
2409
2410
2411
2417
2420
2428
2430
2433
2439
2440
2446
2450
2459
2460
2464
2466
2470
2471
2480
2482
2490
2493
2495
2499
2500
2501
2502
2503
2504
2505
2506
2507
2508
2509
2510
2512
2518
2520
2521
2523
2526
2529
2530
2532
2535
2540
2549
2550
2553
2558
2560
2562
2567
2570
2576
2580
2581
2585
2589
2590
2592
2594
2598
2600
2601
2602
2603
2604
2605
2606
2607
2608
2609
2610
2613
2619
2620
2622
2625
2626
2630
2631
2637
2640
2644
2646
2650
2652
2657
2660
2662
2664
2667
2670
2673
2675
2676
2680
2688
2690
2691
2700
2701
2702
2703
2704
2705
2706
2707
2708
2709
2710
2714
2720
2723
2730
2732
2736
2739
2740
2741
2750
2756
2760
2763
2765
2766
2770
2780
2790
2793
2799
2800
2801
2802
2803
2804
2805
2806
2807
2808
2809
2810
2815
2820
2824
2830
2833
2840
2842
2850
2851
2855
2859
2860
2868
2870
2880
2886
2890
2895
2900
2901
2902
2903
2904
2905
2906
2907
2908
2909
2910
2916
2920
2925
2930
2934
2937
2940
2943
2945
2949
2950
2952
2954
2958
2960
2961
2970
2973
2979
2980
2985
2990
2994
2997
3000
3001
3002
3003
3004
3005
3006
3007
3008
3009
3010
3011
3012
3013
3014
3015
3016
3017
3018
3019
3020
3021
3022
3023
3024
3025
3026
3027
3028
3029
3030
3031
3032
3033
3034
3035
3036
3037
3038
3039
3040
3041
3042
3043
3044
3045
3046
3047
3048
3049
3050
3051
3052
3053
3054
3055
3056
3057
3058
3059
3060
3061
3062
3063
3064
3065
3066
3067
3068
3069
3070
3071
3072
3073
3074
3075
3076
3077
3078
3079
3080
3081
3082
3083
3084
3085
3086
3087
3088
3089
3090
3091
3092
3093
3094
3095
3096
3097
3098
3099
3100
3101
3102
3103
3104
3105
3106
3107
3108
3109
3110
3120
3123
3126
3130
3132
3140
3144
3148
3150
3156
3160
3162
3165
3168
3170
3180
3184
3186
3190
3200
3201
3202
3203
3204
3205
3206
3207
3208
3209
3210
3213
3216
3220
3225
3227
3230
3231
3234
3238
3240
3243
3249
3250
3252
3255
3260
3261
3267
3270
3272
3276
3279
3280
3283
3290
3294
3297
3300
3301
3302
3303
3304
3305
3306
3307
3308
3309
3310
3312
3320
3321
3324
3328
3330
3340
3342
3345
3348
3350
3354
3360
3366
3370
3378
3380
3382
3384
3387
3390
3400
3401
3402
3403
3404
3405
3406
3407
3408
3409
3410
3414
3418
3420
3423
3429
3430
3432
3435
3438
3440
3441
3445
3450
3453
3454
3456
3458
3460
3465
3470
3477
3480
3481
3483
3485
3489
3490
3492
3498
3500
3501
3502
3503
3504
3505
3506
3507
3508
3509
3510
3516
3520
3522
3525
3530
3534
3540
3543
3544
3546
3548
3550
3552
3560
3561
3564
3566
3567
3570
3576
3580
3584
3588
3590
3600
3601
3602
3603
3604
3605
3606
3607
3608
3609
3610
3612
3615
3618
3620
3621
3627
3630
3636
3640
3645
3650
3651
3654
3656
3657
3660
3663
3665
3670
3672
3675
3678
3680
3681
3687
3690
3699
3700
3701
3702
3703
3704
3705
3706
3707
3708
3709
3710
3720
3722
3726
3729
3730
3738
3740
3747
3750
3756
3760
3762
3765
3768
3770
3774
3780
3783
3786
3789
3790
3792
3798
3800
3801
3802
3803
3804
3805
3806
3807
3808
3809
3810
3814
3816
3820
3823
3830
3832
3834
3837
3840
3841
3843
3845
3849
3850
3854
3858
3860
3861
3867
3870
3873
3876
3879
3880
3885
3890
3894
3897
3900
3901
3902
3903
3904
3905
3906
3907
3908
3909
3910
3920
3924
3927
3930
3940
3942
3948
3950
3960
3969
3970
3972
3978
3980
3984
3987
3990
3996
4000
4001
4002
4003
4004
4005
4006
4007
4008
4009
4010
4011
4012
4013
4014
4015
4016
4017
4018
4019
4020
4021
4022
4023
4024
4025
4026
4027
4028
4029
4030
4031
4032
4033
4034
4035
4036
4037
4038
4039
4040
4041
4042
4043
4044
4045
4046
4047
4048
4049
4050
4051
4052
4053
4054
4055
4056
4057
4058
4059
4060
4061
4062
4063
4064
4065
4066
4067
4068
4069
4070
4071
4072
4073
4074
4075
4076
4077
4078
4079
4080
4081
4082
4083
4084
4085
4086
4087
4088
4089
4090
4091
4092
4093
4094
4095
4096
4097
4098
4099
4100
4101
4102
4103
4104
4105
4106
4107
4108
4109
4110
4112
4116
4120
4121
4127
4130
4134
4138
4140
4143
4147
4149
4150
4160
4161
4170
4172
4174
4179
4180
4183
4190
4194
4197
4200
4201
4202
4203
4204
4205
4206
4207
4208
4209
4210
4211
4217
4220
4228
4230
4233
4239
4240
4246
4250
4259
4260
4264
4266
4270
4271
4280
4282
4290
4293
4295
4299
4300
4301
4302
4303
4304
4305
4306
4307
4308
4309
4310
4314
4318
4320
4323
4329
4330
4332
4335
4338
4340
4341
4345
4350
4353
4354
4356
4358
4360
4365
4370
4377
4380
4381
4383
4385
4389
4390
4392
4398
4400
4401
4402
4403
4404
4405
4406
4407
4408
4409
4410
4413
4417
4419
4420
4426
4430
4431
4435
4440
4444
4450
4453
4457
4460
4462
4467
4470
4471
4475
4476
4479
4480
4490
4491
4497
4500
4501
4502
4503
4504
4505
4506
4507
4508
4509
4510
4520
4529
4530
4533
4534
4536
4538
4540
4543
4547
4550
4556
4560
4563
4565
4569
4570
4574
4580
4583
4590
4592
4596
4599
4600
4601
4602
4603
4604
4605
4606
4607
4608
4609
4610
4611
4620
4624
4626
4630
4635
4640
4642
4647
4650
4653
4655
4659
4660
4662
4668
4670
4674
4677
4680
4686
4689
4690
4695
4698
4700
4701
4702
4703
4704
4705
4706
4707
4708
4709
4710
4712
4714
4719
4720
4721
4730
4737
4740
4741
4745
4746
4749
4750
4754
4760
4764
4767
4770
4773
4776
4780
4789
4790
4791
4794
4798
4800
4801
4802
4803
4804
4805
4806
4807
4808
4809
4810
4813
4820
4822
4830
4831
4833
4835
4839
4840
4850
4853
4860
4866
4869
4870
4879
4880
4890
4893
4896
4897
4900
4901
4902
4903
4904
4905
4906
4907
4908
4909
4910
4914
4917
4920
4923
4925
4929
4930
4932
4938
4940
4941
4947
4950
4952
4956
4959
4960
4965
4968
4970
4971
4974
4978
4980
4983
4986
4987
4990
4992
4995
5000
5001
5002
5003
5004
5005
5006
5007
5008
5009
5010
5011
5012
5013
5014
5015
5016
5017
5018
5019
5020
5021
5022
5023
5024
5025
5026
5027
5028
5029
5030
5031
5032
5033
5034
5035
5036
5037
5038
5039
5040
5041
5042
5043
5044
5045
5046
5047
5048
5049
5050
5051
5052
5053
5054
5055
5056
5057
5058
5059
5060
5061
5062
5063
5064
5065
5066
5067
5068
5069
5070
5071
5072
5073
5074
5075
5076
5077
5078
5079
5080
5081
5082
5083
5084
5085
5086
5087
5088
5089
5090
5091
5092
5093
5094
5095
5096
5097
5098
5099
5100
5101
5102
5103
5104
5105
5106
5107
5108
5109
5110
5120
5122
5128
5130
5136
5140
5150
5160
5163
5166
5168
5170
5180
5182
5186
5190
5200
5201
5202
5203
5204
5205
5206
5207
5208
5209
5210
5212
5218
5220
5221
5223
5226
5229
5230
5232
5235
5240
5249
5250
5253
5258
5260
5262
5267
5270
5276
5280
5281
5285
5289
5290
5292
5294
5298
5300
5301
5302
5303
5304
5305
5306
5307
5308
5309
5310
5316
5320
5322
5325
5330
5334
5340
5343
5344
5346
5348
5350
5352
5360
5361
5364
5366
5367
5370
5376
5380
5384
5388
5390
5400
5401
5402
5403
5404
5405
5406
5407
5408
5409
5410
5420
5429
5430
5433
5434
5436
5438
5440
5443
5447
5450
5456
5460
5463
5465
5469
5470
5474
5480
5483
5490
5492
5496
5499
5500
5501
5502
5503
5504
5505
5506
5507
5508
5509
5510
5520
5523
5528
5530
5532
5540
5546
5550
5560
5564
5568
5569
5570
5578
5580
5582
5586
5587
5590
5596
5600
5601
5602
5603
5604
5605
5606
5607
5608
5609
5610
5613
5616
5618
5620
5622
5627
5630
5631
5634
5636
5637
5640
5643
5645
5649
5650
5654
5658
5659
5660
5661
5663
5670
5672
5673
5679
5680
5681
5685
5690
5694
5695
5697
5700
5701
5702
5703
5704
5705
5706
5707
5708
5709
5710
5720
5726
5730
5736
5740
5744
5750
5758
5760
5762
5763
5769
5770
5780
5785
5788
5790
5796
5800
5801
5802
5803
5804
5805
5806
5807
5808
5809
5810
5812
5816
5820
5821
5825
5829
5830
5834
5838
5840
5843
5850
5852
5856
5857
5860
5861
5865
5870
5875
5878
5880
5883
5887
5889
5890
5892
5898
5900
5901
5902
5903
5904
5905
5906
5907
5908
5909
5910
5920
5922
5924
5928
5930
5940
5942
5946
5949
5950
5956
5960
5964
5965
5967
5970
5976
5980
5982
5988
5990
5994
6000
6001
6002
6003
6004
6005
6006
6007
6008
6009
6010
6011
6012
6013
6014
6015
6016
6017
6018
6019
6020
6021
6022
6023
6024
6025
6026
6027
6028
6029
6030
6031
6032
6033
6034
6035
6036
6037
6038
6039
6040
6041
6042
6043
6044
6045
6046
6047
6048
6049
6050
6051
6052
6053
6054
6055
6056
6057
6058
6059
6060
6061
6062
6063
6064
6065
6066
6067
6068
6069
6070
6071
6072
6073
6074
6075
6076
6077
6078
6079
6080
6081
6082
6083
6084
6085
6086
6087
6088
6089
6090
6091
6092
6093
6094
6095
6096
6097
6098
6099
6100
6101
6102
6103
6104
6105
6106
6107
6108
6109
6110
6114
6118
6120
6123
6129
6130
6132
6135
6138
6140
6141
6150
6153
6156
6158
6160
6165
6170
6177
6180
6181
6183
6185
6189
6190
6192
6198
6200
6201
6202
6203
6204
6205
6206
6207
6208
6209
6210
6213
6219
6220
6222
6225
6226
6230
6231
6237
6240
6244
6246
6250
6252
6257
6260
6262
6264
6267
6270
6273
6275
6276
6280
6288
6290
6291
6300
6301
6302
6303
6304
6305
6306
6307
6308
6309
6310
6312
6315
6318
6320
6321
6327
6330
6336
6340
6345
6350
6351
6354
6356
6357
6360
6363
6365
6370
6372
6375
6378
6380
6381
6387
6390
6399
6400
6401
6402
6403
6404
6405
6406
6407
6408
6409
6410
6411
6420
6424
6426
6430
6435
6440
6442
6447
6450
6453
6455
6459
6460
6462
6468
6470
6474
6477
6480
6486
6489
6490
6495
6498
6500
6501
6502
6503
6504
6505
6506
6507
6508
6509
6510
6513
6516
6518
6520
6522
6527
6530
6531
6534
6536
6537
6540
6543
6545
6549
6550
6554
6558
6559
6560
6561
6563
6570
6572
6573
6579
6580
6581
6585
6590
6594
6595
6597
6600
6601
6602
6603
6604
6605
6606
6607
6608
6609
6610
6615
6620
6622
6624
6627
6630
6633
6635
6640
6642
6648
6650
6651
6653
6660
6666
6669
6670
6672
6679
6680
6684
6690
6696
6697
6700
6701
6702
6703
6704
6705
6706
6707
6708
6709
6710
6717
6720
6723
6725
6726
6730
6732
6735
6738
6740
6744
6747
6750
6752
6753
6759
6760
6762
6769
6770
6771
6774
6778
6780
6783
6787
6790
6795
6796
6800
6801
6802
6803
6804
6805
6806
6807
6808
6809
6810
6811
6813
6815
6819
6820
6828
6830
6831
6837
6840
6846
6849
6850
6851
6855
6860
6864
6870
6873
6877
6880
6882
6890
6891
6894
6900
6901
6902
6903
6904
6905
6906
6907
6908
6909
6910
6912
6918
6920
6921
6930
6939
6940
6945
6948
6950
6954
6955
6957
6960
6966
6967
6970
6975
6976
6980
6981
6984
6990
6993
7000
7001
7002
7003
7004
7005
7006
7007
7008
7009
7010
7011
7012
7013
7014
7015
7016
7017
7018
7019
7020
7021
7022
7023
7024
7025
7026
7027
7028
7029
7030
7031
7032
7033
7034
7035
7036
7037
7038
7039
7040
7041
7042
7043
7044
7045
7046
7047
7048
7049
7050
7051
7052
7053
7054
7055
7056
7057
7058
7059
7060
7061
7062
7063
7064
7065
7066
7067
7068
7069
7070
7071
7072
7073
7074
7075
7076
7077
7078
7079
7080
7081
7082
7083
7084
7085
7086
7087
7088
7089
7090
7091
7092
7093
7094
7095
7096
7097
7098
7099
7100
7101
7102
7103
7104
7105
7106
7107
7108
7109
7110
7120
7124
7130
7140
7142
7144
7149
7150
7160
7167
7170
7176
7180
7190
7194
7200
7201
7202
7203
7204
7205
7206
7207
7208
7209
7210
7214
7220
7223
7230
7232
7236
7239
7240
7241
7250
7256
7260
7263
7265
7266
7270
7280
7290
7293
7299
7300
7301
7302
7303
7304
7305
7306
7307
7308
7309
7310
7320
7322
7326
7329
7330
7338
7340
7347
7350
7356
7360
7362
7365
7368
7370
7374
7380
7383
7386
7389
7390
7392
7398
7400
7401
7402
7403
7404
7405
7406
7407
7408
7409
7410
7412
7414
7419
7420
7421
7430
7437
7440
7441
7445
7446
7449
7450
7454
7460
7464
7467
7470
7473
7476
7480
7489
7490
7491
7494
7498
7500
7501
7502
7503
7504
7505
7506
7507
7508
7509
7510
7520
7526
7530
7536
7540
7544
7550
7558
7560
7562
7563
7569
7570
7580
7585
7588
7590
7596
7600
7601
7602
7603
7604
7605
7606
7607
7608
7609
7610
7617
7620
7623
7625
7626
7630
7632
7635
7638
7640
7644
7647
7650
7652
7653
7659
7660
7662
7669
7670
7671
7674
7678
7680
7683
7687
7690
7695
7696
7700
7701
7702
7703
7704
7705
7706
7707
7708
7709
7710
7716
7720
7730
7734
7740
7743
7746
7750
7760
7761
7764
7768
7770
7780
7786
7790
7800
7801
7802
7803
7804
7805
7806
7807
7808
7809
7810
7820
7830
7833
7836
7839
7840
7849
7850
7855
7858
7860
7863
7867
7870
7876
7880
7885
7889
7890
7893
7894
7898
7900
7901
7902
7903
7904
7905
7906
7907
7908
7909
7910
7914
7920
7923
7929
7930
7932
7938
7940
7941
7944
7948
7950
7956
7960
7965
7966
7970
7980
7983
7984
7988
7990
7992
8000
8001
8002
8003
8004
8005
8006
8007
8008
8009
8010
8011
8012
8013
8014
8015
8016
8017
8018
8019
8020
8021
8022
8023
8024
8025
8026
8027
8028
8029
8030
8031
8032
8033
8034
8035
8036
8037
8038
8039
8040
8041
8042
8043
8044
8045
8046
8047
8048
8049
8050
8051
8052
8053
8054
8055
8056
8057
8058
8059
8060
8061
8062
8063
8064
8065
8066
8067
8068
8069
8070
8071
8072
8073
8074
8075
8076
8077
8078
8079
8080
8081
8082
8083
8084
8085
8086
8087
8088
8089
8090
8091
8092
8093
8094
8095
8096
8097
8098
8099
8100
8101
8102
8103
8104
8105
8106
8107
8108
8109
8110
8116
8120
8125
8130
8134
8136
8140
8143
8150
8152
8156
8160
8161
8163
8165
8169
8170
8180
8190
8196
8199
8200
8201
8202
8203
8204
8205
8206
8207
8208
8209
8210
8215
8220
8224
8230
8233
8240
8242
8250
8251
8255
8259
8260
8268
8270
8280
8286
8290
8295
8300
8301
8302
8303
8304
8305
8306
8307
8308
8309
8310
8314
8316
8320
8323
8330
8332
8334
8337
8340
8341
8343
8345
8349
8350
8354
8358
8360
8361
8367
8370
8373
8376
8379
8380
8385
8390
8394
8397
8400
8401
8402
8403
8404
8405
8406
8407
8408
8409
8410
8413
8420
8422
8430
8431
8433
8435
8439
8440
8450
8453
8460
8466
8469
8470
8479
8480
8490
8493
8496
8497
8500
8501
8502
8503
8504
8505
8506
8507
8508
8509
8510
8512
8516
8520
8521
8525
8529
8530
8534
8538
8540
8543
8550
8552
8556
8557
8560
8561
8565
8570
8575
8578
8580
8583
8587
8589
8590
8592
8598
8600
8601
8602
8603
8604
8605
8606
8607
8608
8609
8610
8611
8613
8615
8619
8620
8628
8630
8631
8637
8640
8646
8649
8650
8651
8655
8660
8664
8670
8673
8677
8680
8682
8690
8691
8694
8700
8701
8702
8703
8704
8705
8706
8707
8708
8709
8710
8720
8730
8733
8736
8739
8740
8749
8750
8755
8758
8760
8763
8767
8770
8776
8780
8785
8789
8790
8793
8794
8798
8800
8801
8802
8803
8804
8805
8806
8807
8808
8809
8810
8820
8826
8830
8835
8840
8850
8853
8857
8859
8860
8862
8870
8875
8879
8880
8888
8890
8895
8897
8900
8901
8902
8903
8904
8905
8906
8907
8908
8909
8910
8916
8919
8920
8925
8930
8934
8937
8940
8943
8946
8947
8950
8952
8958
8960
8961
8964
8970
8973
8974
8978
8980
8985
8987
8990
8991
9000
9001
9002
9003
9004
9005
9006
9007
9008
9009
9010
9011
9012
9013
9014
9015
9016
9017
9018
9019
9020
9021
9022
9023
9024
9025
9026
9027
9028
9029
9030
9031
9032
9033
9034
9035
9036
9037
9038
9039
9040
9041
9042
9043
9044
9045
9046
9047
9048
9049
9050
9051
9052
9053
9054
9055
9056
9057
9058
9059
9060
9061
9062
9063
9064
9065
9066
9067
9068
9069
9070
9071
9072
9073
9074
9075
9076
9077
9078
9079
9080
9081
9082
9083
9084
9085
9086
9087
9088
9089
9090
9091
9092
9093
9094
9095
9096
9097
9098
9099
9100
9101
9102
9103
9104
9105
9106
9107
9108
9109
9110
9120
9126
9130
9140
9144
9147
9150
9160
9162
9168
9170
9174
9180
9186
9189
9190
9198
9200
9201
9202
9203
9204
9205
9206
9207
9208
9209
9210
9216
9220
9225
9230
9234
9237
9240
9243
9245
9249
9250
9252
9254
9258
9260
9261
9270
9273
9279
9280
9285
9290
9294
9297
9300
9301
9302
9303
9304
9305
9306
9307
9308
9309
9310
9320
9324
9327
9330
9340
9342
9348
9350
9360
9369
9370
9372
9378
9380
9384
9387
9390
9396
9400
9401
9402
9403
9404
9405
9406
9407
9408
9409
9410
9414
9417
9420
9423
9425
9429
9430
9432
9438
9440
9441
9447
9450
9452
9456
9459
9460
9465
9468
9470
9471
9474
9478
9480
9483
9486
9487
9490
9492
9495
9500
9501
9502
9503
9504
9505
9506
9507
9508
9509
9510
9520
9522
9524
9528
9530
9540
9542
9546
9549
9550
9556
9560
9564
9565
9567
9570
9576
9580
9582
9588
9590
9594
9600
9601
9602
9603
9604
9605
9606
9607
9608
9609
9610
9612
9618
9620
9621
9630
9639
9640
9645
9648
9650
9654
9655
9657
9660
9666
9667
9670
9675
9676
9680
9681
9684
9690
9693
9700
9701
9702
9703
9704
9705
9706
9707
9708
9709
9710
9714
9720
9723
9729
9730
9732
9738
9740
9741
9744
9748
9750
9756
9760
9765
9766
9770
9780
9783
9784
9788
9790
9792
9800
9801
9802
9803
9804
9805
9806
9807
9808
9809
9810
9816
9819
9820
9825
9830
9834
9837
9840
9843
9846
9847
9850
9852
9858
9860
9861
9864
9870
9873
9874
9878
9880
9885
9887
9890
9891
9900
9901
9902
9903
9904
9905
9906
9907
9908
9909
9910
9918
9920
9924
9927
9930
9936
9940
9942
9945
9950
9954
9960
9963
9970
9972
9980
9981
9990
10000
