111126
111148
111156
111227
111234
111238
111249
11125
111279
11133
111345
111366
111378
111445
111458
11147
111489
111566
111567
111678
11169
111699
11222
112228
112233
112239
112246
112259
11226
112266
112335
112338
112356
112358
11237
112377
112389
1124
112444
112457
112467
112479
11248
112556
11256
11259
112599
112668
112689
112789
11334
113344
113346
113367
113388
113456
113457
113469
113478
11349
113499
11355
113568
113589
11367
113679
113788
11379
114455
114459
11446
114468
114559
114567
11459
1146
11466
114666
114669
114679
114778
114899
115558
115567
115569
11558
115678
115689
115889
11589
116667
11667
116677
1168
11688
116888
117788
11799
118899
122223
122227
122229
122235
122236
122245
122258
12227
122289
122337
12234
122344
122346
122357
122367
12238
122388
122456
122469
12247
12249
122499
1225
122555
122568
122667
122679
122779
122788
12279
123
1233
123336
123345
123356
123357
123378
12339
123399
123447
12345
123455
123459
12346
123468
123477
123489
123558
123559
123579
1236
12366
123666
123669
123679
123778
12378
124445
124449
12445
124467
124558
124566
124569
124579
12458
124599
124678
1247
124777
124889
12489
125557
125566
125578
125589
12566
12567
125677
125679
125688
1258
125888
126666
126667
126689
12669
12678
126788
1269
12699
126999
127899
128889
133344
133347
13335
133368
13338
133389
133445
133449
133458
133467
13347
133479
133558
13356
133569
13358
133668
133677
133678
13377
133889
13389
1344
13444
134448
134457
13446
134466
134469
134479
134556
134557
134559
13457
134578
134589
134667
13467
134677
134789
1348
13488
134888
135556
13557
135588
1356
135666
135667
135669
135678
13578
135788
13599
13668
136688
1368
13689
136899
13779
137889
13789
138
144456
144478
144556
14456
144577
144579
144666
144667
144689
14469
1447
144788
1449
14499
144999
145
14555
145555
145567
145569
145589
145668
145677
14568
145688
145778
145799
145899
146669
14667
146678
14679
146799
146889
147789
14779
14788
1479
155568
155588
15559
155667
15568
15577
155789
155889
1566
15666
156666
156668
15669
156699
156779
156788
156789
1568
15699
157778
15778
15789
158899
159
16668
166689
166779
16678
166788
167
1677
16889
1689
17888
178899
189
1899
18999
22
2222
222226
222235
222244
222257
222267
222279
22228
22233
222334
222336
222356
222357
222369
222378
22239
222399
222455
222459
22246
222468
222559
222567
22259
2226
22266
222666
222669
222679
222778
222899
22299
223335
223344
223347
22335
223355
223368
22338
223389
223445
223449
22345
223458
223467
223479
2235
223558
22356
223566
223569
223579
22358
223599
223668
223678
2237
22377
223777
223889
22389
224
22444
224466
224469
224479
224556
224557
22457
224578
224589
22467
224677
224699
224789
22479
2248
224888
225556
22556
225577
225579
2256
225666
225667
225669
225678
225689
22569
225788
2259
22599
225999
2266
22668
226688
22677
226778
22689
226899
227799
227889
22789
233334
233337
233345
233349
233358
23337
233379
233388
2334
23344
233448
233457
23346
233466
233469
233479
23355
233557
233559
233568
233578
233589
233667
23367
233677
2338
23388
233888
234447
234456
234459
234478
234555
234556
23456
23457
234577
234579
234588
234666
234667
234689
23469
23478
234788
2349
23499
234999
235
2355
235555
235566
235567
235569
235578
235668
235677
23568
235688
235799
23589
235899
23667
236678
2367
23679
236799
236889
237789
23788
2379
244446
244477
244499
24455
244555
244567
244569
244589
24459
2446
244679
24468
244688
244778
244899
245557
245559
245568
245588
24559
245667
245669
24567
245678
245789
245799
245889
2459
246
2466
24666
246668
246677
24669
246699
246789
24679
247779
24778
24899
2499
255567
25558
25566
255666
255668
25567
25569
255699
255779
255788
255789
2558
25599
256679
256689
2567
256778
256779
25678
25689
257
257777
25779
257899
258889
25889
2589
266666
26667
266679
266688
2667
26677
266778
26789
267999
268
2688
26888
27788
277899
278889
279
2799
28899
333
333348
33336
333369
333378
333447
33345
333456
333459
333468
333477
333478
333556
333558
333567
33357
333588
333666
333667
33378
333788
33399
33444
334446
334449
334455
334467
33447
334477
3345
33455
334555
334566
334567
334569
334578
334589
33468
334688
334778
3348
33489
334899
335556
335568
33558
335588
33559
335667
335789
33579
335889
3366
33666
336668
33669
336699
33678
336789
336888
33778
337788
3378
344445
34445
344455
344466
344467
344489
34449
3445
344557
344559
344568
344577
34458
344588
344669
34467
344678
34479
344799
344889
345
345558
345567
345578
34558
3456
34566
345666
345668
34569
345699
345779
345788
345789
34579
3458
34599
346667
34668
346689
346779
34678
346788
347
3477
34777
34889
3489
355566
35557
35559
35566
355679
355689
355778
35578
35589
3566
35667
356678
356679
356688
3567
356777
356778
35679
35688
356899
357
35778
357889
3588
35888
358888
36
36666
366669
36667
366678
366777
36689
3678
36788
367899
369
3699
377889
378888
3789
37899
38889
44
4444
444457
444459
444479
444488
444567
444569
444578
44466
444668
444677
44469
444699
444789
44479
44556
445566
445568
44557
445599
445667
445679
445689
4457
445778
445779
44578
44589
445999
446666
446679
446688
4467
44677
44699
44789
4479
447999
448
44888
455556
455558
45556
455579
455589
4556
455666
455678
455679
45577
455777
45579
455899
456
45666
456669
45667
456677
456678
45669
45678
456799
456889
45689
4569
457789
45788
457888
457899
459
4599
45999
459999
466
466668
466677
4668
46688
4677
46778
467799
467889
4689
46899
477789
47799
47889
4789
489999
55555
555578
555669
555677
55569
555889
556667
556668
556677
55668
55677
556789
5568
55688
556888
5569
557788
5578
557889
55799
55899
558999
566667
56667
566689
56678
566788
566799
567778
567789
567888
56789
5679
567999
56889
568899
57779
57788
57789
577899
578
5788
578889
579
5889
588999
58999
66
666
6666
666666
66668
666789
6669
66699
667779
667788
66789
6679
66888
677778
6778
678
678999
688899
778899
778999
788889
7889
789
78999
88
8888
999
