100
1 1 1
2 2 2
4 3 2
5 7 3
1000 1000000 1000
1000 1000000 1000
1000 1000000 1000
1000 1000000 1000
1000 1000000 1000
1000 1000000 1000
1000 1000000 1000
1000 1000000 1000
1000 1000000 1000
1000 1000000 1000
1000 1000000 1000
1000 1000000 1000
1000 1000000 1000
1000 1000000 1000
1000 1000000 1000
1000 1000000 1000
1000 1000000 1000
1000 1000000 1000
1000 1000000 1000
1000 1000000 1000
1000 1000000 1000
1000 1000000 1000
1000 1000000 1000
1000 1000000 1000
1000 1000000 1000
1000 1000000 1000
1000 1000000 1000
1000 1000000 1000
1000 1000000 1000
1000 1000000 1000
1000 1000000 1000
1000 1000000 1000
1000 1000000 1000
1000 1000000 1000
1000 1000000 1000
1000 1000000 1000
1000 1000000 1000
1000 1000000 1000
1000 1000000 1000
1000 1000000 1000
1000 1000000 1000
1000 1000000 1000
1000 1000000 1000
1000 1000000 1000
1000 1000000 1000
1000 1000000 1000
1000 1000000 1000
1000 1000000 1000
1000 1000000 1000
1000 1000000 1000
1000 1000000 1000
1000 1000000 1000
1000 1000000 1000
1000 1000000 1000
1000 1000000 1000
1000 1000000 1000
1000 1000000 1000
1000 1000000 1000
1000 1000000 1000
1000 1000000 1000
1000 1000000 1000
1000 1000000 1000
1000 1000000 1000
1000 1000000 1000
1000 1000000 1000
1000 1000000 1000
1000 1000000 1000
1000 1000000 1000
1000 1000000 1000
1000 1000000 1000
1000 1000000 1000
1000 1000000 1000
1000 1000000 1000
1000 1000000 1000
1000 1000000 1000
1000 1000000 1000
1000 1000000 1000
1000 1000000 1000
1000 1000000 1000
1000 1000000 1000
1000 1000000 1000
1000 1000000 1000
1000 1000000 1000
1000 1000000 1000
1000 1000000 1000
1000 1000000 1000
1000 1000000 1000
1000 1000000 1000
1000 1000000 1000
1000 1000000 1000
1000 1000000 1000
1000 1000000 1000
1000 1000000 1000
1000 1000000 1000
1000 1000000 1000
