100
777 383000 886
335 915000 793
649 386000 492
27 421000 362
763 690000 59
426 926000 540
211 172000 736
429 368000 567
862 782000 530
135 123000 67
22 929000 802
167 58000 69
11 393000 456
373 42000 229
784 421000 919
324 537000 198
413 315000 370
980 526000 91
862 956000 873
281 170000 996
84 305000 925
505 327000 336
313 846000 729
895 857000 124
814 582000 545
364 367000 434
87 43000 750
178 808000 276
403 788000 584
399 651000 754
676 932000 60
12 368000 739
94 226000 586
570 539000 795
467 434000 378
902 601000 97
652 317000 492
280 756000 301
865 286000 441
619 689000 444
31 440000 729
771 117000 97
709 481000 675
856 927000 567
586 497000 353
683 965000 306
528 219000 624
829 871000 732
270 503000 19
715 368000 708
796 340000 149
245 723000 618
921 846000 451
488 555000 379
841 764000 228
500 350000 193
124 34000 764
856 914000 987
227 743000 491
936 365000 859
437 432000 551
407 228000 275
858 474000 121
237 395000 29
818 235000 793
11 428000 143
776 928000 529
763 404000 443
606 613000 538
818 840000 904
369 128000 688
996 917000 917
470 324000 743
499 183000 490
644 772000 725
139 590000 505
669 954000 786
464 82000 542
355 197000 507
611 804000 348
299 622000 828
568 343000 746
311 340000 422
801 810000 605
878 661000 730
736 305000 320
522 444000 626
416 465000 708
924 282000 258
624 637000 62
452 600000 36
550 899000 379
973 468000 71
930 131000 881
660 933000 894
981 163000 199
959 899000 996
668 773000 813
926 190000 95
340 466000 84
