100
3 6000000 11000000 26000000
3 10 1 11
3 20812679 83922545 20812679
3 7047504 7047504 48992994
3 87116907 87116907 38281847
2 66553566 20244192
3 49531476 99730733 49531476
3 21662736 21662736 93183122
2 26884067 82724616
2 9709014 24830125
2 34429766 97370119
2 89567610 30020451
3 5898830 4413464 5898830
2 37885973 38227076
2 33615392 55647730
2 7884556 4739825
2 61615791 46228870
3 21263016 36641531 21263016
2 15238764 28422031
3 1654307 2223947 2223947
3 11134465 11134465 5608958
2 29403069 19045006
2 22648185 67944555
2 86343360 21585840
2 16807133 50421399
2 97805980 48902990
3 36991831 73983662 73983662
2 10977805 2195561
2 5584843 83772645
2 99238800 3969552
3 1717259 1717259 56669547
3 21141812 21141812 84567248
2 4385866 8771732
2 79794566 77447667
3 48567144 64756192 48567144
3 88659900 94570560 94570560
2 16911680 25367520
2 3800110 5700165
2 33217184 16608592
3 20562483 27416644 27416644
3 44699704 39112241 44699704
3 72687882 96917176 96917176
3 5254 7681 5255
3 48867 147 48866
3 147 361620 1171
3 64397419 4397871 62039245
3 34545168 95220576 5114592
3 7153215 69781825 5171715
3 72678 23126225 35436996
3 11659241 54632985 76950841
3 47539536 92761248 37580136
3 65440438 46658398 39138838
3 34408671 10131516 44592426
3 249077 48567477 17474627
3 27609155 1185971 46441231
3 244731 2284932 3884268
3 59104541 16898610 31459195
3 6163027 10654927 46866802
3 45646251 49644240 61333017
3 1088252 7053052 4968700
3 37678202 48109437 11115451
3 50900574 10108671 77121702
3 6673747 11738093 2714622
3 13767598 24208678 36722842
3 11563806 14789301 1522446
3 16027890 1633380 34986813
3 2881362 16859448 19527866
3 46461413 16215370 19266775
3 3358841 50953015 41081135
3 5520242 9712388 8838424
3 17461130 4363349 27346505
3 2058422 7161004 5102876
3 10548933 16671363 30126873
3 50530229 7537073 32230309
3 4682418 66019395 87299433
3 3739297 757887 4639025
3 13456744 17351305 6074404
3 8349279 17251278 30757370
3 12755938 576538 44638390
3 25877016 6134040 53666910
3 64986120 64435264 69780056
3 21192244 1645626 42773335
3 8936065 5072065 15771481
3 26725664 1063690 38083478
3 78837024 9062809 24039484
3 13379087 45276197 70967812
3 16488404 229580 12234995
3 19741304 23191964 42424319
3 75366 12516190 23195688
3 2104282 5185796 11305154
3 3162700 1393900 366700
3 3315400 20890545 1281794
3 2690857 4856977 2168577
3 10612749 64103459 42801087
3 7056237 26157837 12424393
3 20356984 567320 28927124
3 49829573 32378153 79103937
3 35555616 31341404 61226548
3 30110237 45567645 21309853
3 19693985 53481097 12474577
