100
3 11000000 26000000 6000000
3 11 1 10
2 9403047 23733623
2 15761785 34857486
2 22405607 4423801
3 65901387 16189102 65901387
3 27382545 27382545 94404159
3 13673748 13673748 63966983
3 93112806 45969376 45969376
2 33409316 78265403
2 38677324 14249816
3 24505876 24505876 11573191
3 17363107 10493442 17363107
2 6530463 4175622
2 77769860 41260058
2 30658411 25488170
3 38790251 42638374 42638374
3 49808553 49808553 54629176
2 47473623 85956380
3 45001715 23525555 45001715
3 83415662 46627955 83415662
3 42454257 64020644 42454257
3 67371578 67371578 33685789
2 3172091 44409274
3 99524556 49762278 99524556
2 14094438 84566628
3 23721581 23721581 94886324
3 40448681 40448681 80897362
3 97885598 48942799 97885598
2 79975476 39987738
2 90617300 18123460
3 39376975 78753950 39376975
3 86679909 88149060 86679909
3 36574476 36574476 48765968
3 68891652 68891652 91855536
3 94923812 94923812 71192859
2 33543410 50315115
2 73823882 77033616
2 20219411 40438822
2 66472491 88629988
3 91377654 76148045 91377654
2 48172145 38537716
3 9971 7132 7133
3 42854 42853 1034
3 1034 335943 2058
3 65168190 18889490 44054680
3 4844674 2507586 9753110
3 16021482 4694870 53889378
3 9931970 5442908 32695998
3 26400051 2526903 11632207
3 19806154 973054 28680604
3 14410839 33919371 43998963
3 14962584 6474416 4309500
3 27751589 25313489 16543295
3 3414450 5819607 1601481
3 17302543 3378417 69380658
3 30215875 16595615 1443269
3 57501151 79976536 13971334
3 8679331 32507059 9927299
3 20554947 4330596 8095830
3 15397011 27401835 54106617
3 85977180 5034150 21082410
3 379317 15678993 23761620
3 43197245 78402065 20986315
3 91269878 2809783 87148296
3 6289974 51605019 26182764
3 7710855 1833657 15533025
3 31951974 1358338 40730070
3 28576434 88739097 55742142
3 44058396 40651810 11322954
3 11803311 21221928 9501804
3 9378372 28791945 17695227
3 49722226 15802002 63518866
3 84580950 71809122 38440944
3 55958301 23364813 72174805
3 13306692 17229684 67023834
3 30804756 6978291 49479846
3 60500541 35433219 10618485
3 6493829 1336778 4680284
3 14139492 41294148 25432584
3 3004799 1594904 1016819
3 11098165 48435 7833095
3 23362539 33931194 2165265
3 1152857 16245461 30302633
3 273141 364375 2136
3 528357 784437 1096437
3 64912194 45359048 2967344
3 19290749 2255129 6992999
3 62854455 11560020 8486945
3 52853204 6821408 47333804
3 79412572 59213869 853606
3 15740874 16805818 8614448
3 1620851 2889673 4186950
3 11776040 28520306 376883
3 2091519 19125450 28830366
3 8682138 54029472 25191998
3 59549628 6992958 34413348
3 62648388 17298360 62875998
3 2352770 30018640 56520083
3 61722836 24217446 46771098
