10000
2 20
3 49
7 12
8 37
4 79
5 11
7 14
7 55
8 78
10 22
10 10
1 89
2 58
1 27
8 51
4 82
3 97
5 91
9 58
5 71
8 72
8 4
3 47
5 45
7 4
2 54
9 79
7 16
2 76
10 15
3 76
3 7
6 55
6 4
5 88
9 67
3 39
1 22
8 93
6 45
5 24
4 29
6 21
1 78
3 67
8 53
3 51
10 28
8 21
2 26
4 96
7 79
10 40
2 65
3 45
9 66
10 56
1 0
5 12
10 19
4 39
10 64
5 87
10 79
4 7
3 93
9 85
5 98
1 21
9 9
9 40
4 34
8 58
4 0
1 49
8 28
5 1
1 13
9 6
4 93
7 74
6 41
10 30
10 99
4 74
9 15
1 98
8 6
2 67
2 3
7 100
3 100
1 66
2 53
4 74
7 50
4 68
4 63
2 81
3 60
4 50
4 40
1 55
4 39
7 50
7 91
2 64
1 64
5 84
8 50
9 5
7 53
6 64
4 76
5 33
6 90
7 76
3 96
1 12
6 79
6 59
5 17
4 41
1 26
3 15
5 7
7 67
9 63
7 59
6 63
5 71
5 84
10 90
5 90
3 42
9 80
8 66
2 21
6 54
5 19
5 23
4 21
7 54
4 15
7 39
4 48
9 3
3 7
3 0
5 79
9 63
7 74
5 62
4 50
4 19
4 3
1 74
2 23
5 98
4 97
7 14
9 61
8 77
6 28
2 25
8 8
5 56
1 89
9 69
4 3
6 15
9 57
9 77
8 23
1 46
7 38
5 69
2 44
9 38
1 57
5 72
8 77
4 31
6 74
3 53
1 12
5 96
6 80
6 10
10 76
2 67
7 77
8 37
7 50
7 95
6 92
8 96
8 35
2 7
4 40
5 12
9 93
7 34
3 99
7 50
1 83
2 76
1 62
7 47
3 2
8 83
4 88
7 76
2 78
3 5
7 70
8 5
1 8
8 65
3 90
4 95
2 26
10 81
4 31
4 30
3 12
7 52
1 97
2 34
4 52
5 61
6 59
4 100
4 75
3 91
6 7
4 98
8 60
2 70
2 15
3 25
9 1
5 90
7 0
7 53
3 30
1 29
4 2
3 37
1 38
6 43
2 7
5 79
10 37
4 78
1 53
3 61
4 59
10 91
7 8
10 49
10 48
8 67
5 94
1 67
7 32
1 73
3 4
4 53
1 73
7 17
1 71
4 45
5 76
3 71
4 38
7 13
5 98
4 78
9 62
5 67
10 58
9 71
6 84
7 38
8 25
9 39
8 31
2 52
1 8
9 35
9 10
5 51
4 27
3 43
1 68
9 30
1 1
5 88
4 2
7 86
7 8
8 59
6 19
8 99
6 0
6 73
4 100
1 99
5 36
4 47
3 3
3 71
1 90
5 73
3 31
5 82
3 45
1 18
1 17
4 4
9 16
5 13
1 75
8 96
7 88
5 36
4 98
3 64
4 62
9 87
5 87
2 99
3 64
8 67
1 75
1 36
2 31
9 25
8 47
7 13
3 94
8 57
3 6
5 56
4 84
10 79
4 8
7 16
1 4
8 1
1 14
4 99
6 51
1 61
5 34
5 38
2 79
10 82
2 45
9 14
3 28
1 54
2 58
8 65
9 62
10 81
4 80
3 88
5 41
6 63
10 74
4 6
8 28
9 43
5 39
7 42
2 83
10 59
8 88
1 26
1 98
7 92
5 66
5 100
7 47
5 75
5 62
8 93
10 19
6 85
2 88
7 1
8 26
7 67
2 59
4 27
10 69
2 38
5 30
6 37
9 83
4 51
8 6
2 95
3 47
1 11
4 58
1 25
9 36
4 36
7 79
2 8
10 95
5 69
7 12
8 73
2 12
2 15
1 46
6 92
2 15
7 20
1 89
8 13
1 36
5 86
7 9
2 70
8 69
1 75
2 71
4 79
2 99
7 23
8 88
2 7
7 62
3 63
8 33
9 29
2 78
3 66
3 41
4 25
2 21
4 7
4 0
1 32
5 17
2 83
3 22
10 0
10 18
10 68
8 17
3 8
7 26
8 96
2 91
8 10
2 68
4 67
2 52
9 3
1 27
10 91
3 56
7 38
4 8
5 78
5 46
1 67
3 22
10 2
8 53
7 9
1 33
10 18
1 87
3 17
1 48
6 55
3 47
5 43
4 55
8 22
4 6
5 9
8 55
3 25
2 72
10 88
9 37
10 47
6 6
1 63
1 81
1 84
5 24
7 52
6 88
10 78
3 1
7 62
7 99
4 41
1 54
6 54
10 7
1 40
1 24
10 67
1 75
7 23
10 26
9 3
6 98
4 18
2 63
9 6
6 1
8 32
6 70
3 77
7 47
9 45
3 59
4 6
1 46
4 33
9 29
10 100
4 53
6 21
3 17
8 46
2 92
9 66
7 28
3 5
2 100
9 26
6 16
5 76
8 53
3 48
6 65
7 22
7 2
2 67
2 61
4 69
9 95
8 76
7 40
6 68
2 41
8 7
10 85
9 69
2 47
8 19
3 25
10 69
5 3
2 3
1 0
2 11
6 67
5 95
3 85
6 32
5 95
4 79
4 57
7 70
8 34
9 0
9 32
7 54
5 56
5 97
4 35
2 25
3 9
8 41
9 86
9 10
10 56
2 4
7 87
2 8
8 39
7 54
2 0
9 94
9 0
2 28
2 83
5 25
5 32
2 12
3 49
7 96
9 99
7 13
7 16
6 2
1 27
10 74
2 38
5 1
2 81
8 21
9 78
4 11
8 42
3 91
5 36
9 72
4 1
5 46
6 30
6 21
5 23
1 86
2 18
5 2
8 40
5 100
10 46
3 72
1 47
2 26
7 12
6 34
10 20
7 73
9 27
4 9
9 43
2 71
10 29
8 6
8 54
2 18
2 89
8 66
3 26
8 24
8 77
1 27
6 10
1 24
1 87
7 38
9 60
3 43
10 55
2 90
2 19
2 7
6 41
4 10
10 59
4 61
9 86
8 18
3 7
5 26
3 85
5 62
9 11
10 20
10 44
4 72
10 80
5 2
7 67
4 48
1 65
3 48
8 70
3 47
8 38
1 81
2 79
8 9
2 42
3 10
2 10
5 65
1 74
10 27
8 23
1 94
10 41
4 52
10 62
5 96
10 91
8 14
7 56
7 97
4 59
1 29
4 96
2 15
3 27
10 84
6 95
2 36
8 97
5 43
3 56
10 88
3 48
7 89
9 48
9 83
5 15
8 27
10 43
4 25
8 87
4 61
2 70
3 36
1 18
8 73
8 84
8 80
8 90
7 94
9 38
2 8
5 40
7 46
6 46
1 98
10 76
3 59
8 78
7 6
3 5
10 35
1 2
5 6
3 37
7 14
9 35
4 19
4 21
5 44
10 27
10 35
8 66
7 65
2 81
10 39
7 96
4 28
3 34
3 63
1 83
1 45
6 24
8 40
10 6
5 15
2 49
2 100
4 31
4 10
7 1
10 16
5 97
5 18
1 64
4 62
2 8
6 92
4 97
2 92
4 27
4 70
2 18
2 88
9 8
10 66
1 17
5 33
5 40
8 23
8 3
5 17
2 43
4 47
7 94
9 95
9 98
2 28
2 25
2 33
4 28
7 97
6 16
8 62
8 56
6 66
4 3
8 9
9 61
9 4
5 27
2 79
4 81
3 36
10 76
7 48
1 28
8 53
7 10
7 29
1 70
7 48
6 60
3 5
10 54
3 4
10 57
2 11
10 98
3 87
5 100
3 100
3 88
6 0
5 16
1 80
4 88
7 97
7 57
8 7
4 63
5 96
8 61
8 59
7 89
8 54
1 69
3 31
7 41
7 1
4 64
4 33
2 62
4 99
2 74
4 9
3 54
4 61
6 87
2 15
5 61
7 27
1 31
7 71
6 13
4 28
8 63
6 70
8 19
3 98
10 36
5 32
1 62
10 95
3 46
2 58
1 53
2 62
2 93
4 73
9 59
8 74
8 46
3 78
8 42
1 38
2 92
1 21
3 9
10 87
8 29
9 58
7 28
9 70
10 53
5 27
1 25
4 43
4 93
6 85
7 26
10 26
3 58
6 42
7 47
6 91
5 86
2 53
8 7
1 87
3 0
7 90
4 47
10 37
9 20
2 45
4 11
9 39
5 63
4 55
5 95
4 36
10 17
4 83
9 63
4 100
2 98
8 81
8 77
10 48
3 51
10 52
5 24
10 18
8 10
7 82
7 59
4 15
6 44
2 13
9 25
6 88
8 59
4 25
9 85
4 13
2 56
5 31
1 86
8 90
10 63
2 76
8 50
9 53
4 70
5 54
4 47
1 97
10 22
9 67
1 77
10 24
2 31
7 98
3 30
1 15
2 100
4 90
8 36
3 75
7 27
6 62
10 86
8 73
8 77
10 65
8 61
1 36
3 28
9 7
1 18
6 10
5 52
4 61
9 81
10 98
8 19
5 37
7 3
2 64
10 47
6 100
4 35
1 83
9 54
5 39
7 70
7 22
2 26
10 16
7 77
5 0
10 96
3 50
4 65
6 10
10 1
5 30
1 85
7 72
8 60
5 74
1 55
4 50
4 58
3 0
3 22
9 33
10 74
9 84
2 18
2 37
3 90
2 98
7 52
6 95
7 35
9 27
9 86
2 46
1 98
6 14
3 10
5 0
2 1
7 52
1 26
10 49
2 61
5 60
6 20
4 74
5 97
4 14
5 29
6 74
10 65
6 92
7 29
4 39
5 3
5 47
4 76
6 91
4 55
10 70
6 63
2 43
1 80
8 65
2 47
7 75
10 60
1 6
4 18
4 47
5 7
4 90
4 79
6 11
3 90
4 43
10 20
1 87
4 24
1 95
10 24
1 51
6 76
6 8
5 39
10 71
2 28
9 84
4 25
2 49
5 30
10 81
7 16
9 1
9 39
5 0
7 39
2 30
7 0
1 96
2 77
4 68
8 92
8 81
4 81
6 51
5 86
3 60
1 28
4 27
5 31
6 29
8 89
3 15
6 8
8 44
9 63
9 33
9 79
10 14
4 23
8 48
9 53
7 30
5 6
4 62
7 18
1 43
2 92
1 86
2 61
8 66
5 60
6 4
1 42
2 94
2 19
4 6
1 52
4 6
10 75
1 66
4 33
5 74
3 66
9 22
9 54
3 18
1 59
8 92
7 42
3 61
9 33
8 33
7 94
1 92
6 36
10 39
4 17
8 99
9 60
9 93
3 23
3 57
5 35
6 34
1 19
8 72
2 71
8 1
4 2
6 3
6 54
1 75
1 1
2 61
9 1
2 42
9 20
4 50
2 96
2 37
8 40
5 90
3 55
9 60
1 19
6 17
4 61
6 5
4 89
1 60
4 94
10 70
3 46
10 30
2 39
6 13
8 88
1 84
9 61
1 20
5 86
5 39
4 73
6 62
4 83
7 14
1 90
9 15
8 11
8 96
4 39
1 46
2 68
2 56
2 53
7 31
10 30
6 90
7 20
1 20
1 5
8 6
2 35
10 35
6 100
8 99
6 96
7 72
8 37
2 66
6 62
9 76
8 90
5 72
1 11
4 26
4 71
9 0
8 80
4 39
1 57
2 20
1 74
9 24
3 61
5 98
2 68
6 35
1 92
8 64
3 80
1 71
6 48
5 40
5 13
6 20
1 29
9 97
5 36
5 33
2 43
2 47
1 3
1 36
7 62
4 45
3 73
1 47
5 65
5 91
7 37
3 81
10 72
7 16
2 88
6 59
5 74
2 27
2 57
5 26
1 12
1 100
5 100
3 1
1 58
10 10
10 0
10 33
3 32
8 57
7 48
2 33
1 6
1 80
7 98
4 46
9 30
10 52
1 42
1 84
7 81
1 20
6 93
3 20
2 5
3 35
8 1
6 90
7 20
1 81
2 95
4 33
2 98
3 6
7 95
3 23
4 27
1 65
4 97
8 56
1 70
8 95
10 8
9 90
2 13
10 32
9 44
7 48
6 79
3 37
4 28
6 12
3 49
6 1
1 77
1 7
9 35
1 43
10 30
7 20
5 49
9 25
4 84
4 15
9 58
2 37
8 100
8 89
2 35
3 86
8 75
9 40
7 5
4 42
7 30
8 39
9 90
9 72
10 49
7 9
8 55
4 22
10 97
6 67
1 88
9 7
2 10
6 7
1 81
9 99
5 45
4 4
7 22
1 7
5 30
5 83
2 92
9 97
8 69
7 38
3 11
5 86
4 75
10 85
2 84
8 63
5 81
2 33
1 22
7 40
4 6
6 38
1 98
10 28
9 58
6 88
8 1
2 17
4 60
8 94
1 16
1 73
5 34
3 3
6 97
1 18
9 28
4 33
8 20
2 100
7 71
10 97
1 60
7 94
1 23
6 96
5 92
1 41
2 18
1 1
1 20
1 85
2 44
6 19
7 43
4 2
2 30
10 63
3 45
3 2
10 70
7 78
7 64
3 40
9 16
6 12
7 30
7 29
1 21
9 3
5 38
1 9
6 20
6 97
4 96
7 49
7 7
9 76
2 52
6 87
6 65
3 71
3 43
10 81
9 41
9 67
3 70
9 94
8 27
10 71
9 12
5 29
1 80
3 41
5 62
1 78
1 49
10 52
6 60
5 68
6 50
2 52
5 54
10 8
7 47
1 91
2 76
4 83
6 62
8 55
2 16
4 32
9 96
7 78
5 78
2 31
1 1
1 56
2 20
10 73
10 33
9 93
5 17
5 34
9 49
8 83
4 91
5 94
2 45
8 4
6 20
2 47
5 77
10 26
3 9
8 94
3 29
7 35
5 94
7 80
10 97
9 5
6 68
8 77
6 68
4 73
9 68
10 59
7 2
5 89
5 33
8 32
6 64
6 75
2 45
1 71
10 70
1 43
2 87
6 44
7 21
3 47
9 98
7 92
9 100
3 56
9 63
2 82
10 93
7 31
1 8
3 38
6 73
5 97
10 94
7 94
5 35
1 55
4 78
6 23
10 50
8 22
4 66
1 4
8 85
8 76
7 8
5 68
10 54
4 48
4 34
4 1
5 26
7 89
9 46
2 55
7 71
4 46
3 5
8 64
7 21
7 74
8 75
6 82
3 30
4 73
8 62
5 52
1 38
10 2
5 51
4 55
3 16
3 8
3 5
9 51
5 94
3 78
1 61
8 45
10 3
5 6
6 42
2 86
7 78
1 91
2 27
2 63
8 25
4 7
1 0
7 23
10 97
9 98
7 78
10 43
10 53
10 72
3 4
6 94
2 18
7 75
1 5
9 45
1 1
6 100
3 89
2 22
5 5
7 70
2 68
10 48
3 74
5 21
3 49
10 70
7 15
4 25
6 18
4 43
9 10
6 9
10 90
3 77
9 42
8 45
5 7
8 30
10 16
6 25
1 0
6 79
4 67
3 54
2 1
5 96
7 39
6 69
7 17
4 86
9 90
8 18
5 21
8 5
7 79
2 5
6 75
9 79
9 84
2 71
9 10
9 41
1 96
9 13
4 81
10 5
9 6
1 94
10 50
10 76
8 6
5 94
4 77
6 63
10 33
5 74
1 29
2 34
10 32
3 66
3 80
8 49
2 14
6 72
6 20
8 79
9 97
9 42
7 100
9 63
2 25
1 90
7 74
10 17
1 93
8 31
3 42
6 36
2 100
9 77
9 66
6 51
2 98
7 19
2 0
6 85
10 71
4 63
10 51
2 50
7 43
3 7
8 91
5 35
2 24
8 75
3 80
5 26
1 33
7 2
10 94
7 82
7 47
8 26
7 68
5 67
7 95
6 7
2 33
9 80
2 22
2 88
8 16
7 96
5 80
6 9
4 91
7 99
5 82
4 32
8 98
2 18
6 75
6 10
1 10
3 37
5 17
2 2
2 25
3 61
3 96
8 76
8 53
8 100
9 38
6 75
9 42
9 99
7 97
3 6
3 54
1 28
4 29
5 49
3 87
10 37
9 24
2 49
4 28
4 43
2 52
8 87
10 58
4 11
10 10
10 47
6 52
8 29
9 50
6 0
4 81
5 22
7 73
1 29
7 71
8 88
4 92
3 3
10 99
6 9
7 66
1 0
3 27
10 39
1 95
3 51
9 25
7 87
3 85
2 24
1 1
7 36
7 88
5 7
1 1
6 58
7 43
1 61
5 46
8 59
4 43
1 75
6 82
3 22
3 15
10 35
3 34
10 38
1 70
2 100
1 25
10 49
2 76
5 54
4 59
1 93
7 88
3 16
9 71
2 90
2 29
5 66
4 12
3 100
8 6
5 72
6 51
2 42
9 43
1 90
7 93
7 96
2 10
2 11
9 99
4 67
2 81
4 43
8 71
2 70
9 26
3 89
9 94
2 2
8 1
3 8
5 71
1 33
7 53
6 80
1 78
8 66
1 58
4 0
4 73
4 53
8 35
5 47
8 5
10 65
7 84
6 71
10 99
3 78
10 30
5 7
4 4
5 70
3 87
3 41
4 97
7 77
6 23
3 84
9 16
3 85
10 54
7 11
4 19
7 18
9 3
2 14
2 39
3 81
3 65
6 25
6 42
3 59
7 71
1 17
2 13
2 92
9 45
2 34
6 48
8 22
10 2
1 35
7 43
10 5
8 86
6 20
2 0
2 11
8 46
6 27
3 40
8 96
2 24
9 89
10 27
1 84
5 29
3 15
3 78
8 0
10 99
4 28
1 35
2 0
8 18
8 34
9 88
10 58
2 26
4 82
1 92
6 11
2 44
2 93
8 48
7 13
9 95
7 68
10 89
4 93
1 72
10 12
2 30
2 95
2 7
10 78
3 28
3 9
4 86
5 81
4 70
10 77
7 81
2 13
6 77
5 3
8 4
10 70
4 13
2 33
5 44
10 77
4 55
8 12
5 45
4 85
7 32
5 88
6 51
1 55
8 75
8 91
8 25
2 99
7 1
1 25
5 100
2 72
5 3
2 34
9 73
10 97
5 97
4 73
6 4
7 33
8 66
10 70
6 83
6 21
7 78
8 69
1 31
8 29
7 98
2 8
3 4
8 92
2 35
4 47
1 12
5 41
6 93
8 61
1 16
7 56
10 4
4 93
6 37
7 13
2 82
7 30
10 70
9 90
2 33
8 40
8 14
2 49
7 29
9 16
8 23
1 17
5 5
4 96
4 5
3 58
6 87
7 57
2 62
3 38
3 52
5 11
8 23
2 25
3 57
9 24
5 4
4 80
1 28
10 100
9 100
1 67
2 16
6 66
10 58
1 53
5 31
1 2
5 5
2 25
7 76
9 12
3 10
7 9
5 85
5 5
8 59
10 1
3 57
10 11
6 60
6 17
7 21
2 65
4 2
1 19
5 77
1 52
4 37
8 40
2 7
3 100
9 16
5 67
10 76
2 97
5 24
2 16
5 66
2 77
9 57
5 64
4 48
2 91
8 91
4 22
9 46
6 10
6 48
1 47
5 13
1 61
10 86
1 53
10 55
6 37
1 43
3 5
7 29
3 72
10 37
8 9
5 91
4 73
4 66
7 65
6 32
8 77
8 1
5 93
4 82
2 33
8 1
1 92
8 89
6 47
2 24
2 45
8 9
8 7
2 76
2 97
2 17
7 36
3 15
8 22
2 54
8 61
3 59
8 48
4 38
2 76
5 23
9 92
6 4
7 92
5 17
2 60
1 67
10 79
3 85
4 44
10 37
3 2
9 62
10 24
10 40
5 31
8 39
10 49
5 1
6 76
4 65
7 36
7 67
9 83
10 62
1 8
9 19
10 44
2 41
2 78
9 26
6 60
2 34
10 87
4 18
1 73
5 76
5 8
8 63
1 45
8 60
7 95
10 85
2 9
7 39
9 79
1 92
2 83
8 73
8 56
5 49
10 54
4 90
4 19
4 21
5 32
4 29
10 19
8 92
1 8
5 88
2 98
4 65
7 74
10 91
5 52
4 17
6 74
3 63
10 66
9 99
1 28
5 23
6 78
4 2
10 77
5 31
9 91
6 58
3 69
9 62
8 61
7 91
3 33
5 48
2 93
7 92
7 55
7 50
8 69
6 32
6 22
5 1
2 94
10 74
7 76
7 97
1 80
5 43
6 48
2 28
6 96
7 14
3 73
4 28
4 95
3 58
4 30
5 33
10 78
7 44
4 29
6 90
4 40
3 62
1 79
6 98
4 29
8 76
7 28
9 46
3 6
4 96
3 24
8 45
5 42
9 74
10 10
9 81
1 84
5 88
2 59
1 16
7 28
6 26
7 40
2 11
5 1
4 78
10 94
5 17
1 46
5 93
5 54
9 68
9 52
1 41
10 64
9 30
10 93
10 33
10 44
1 30
7 2
8 90
8 86
4 21
6 41
2 64
5 19
8 6
10 5
8 62
3 35
7 55
3 76
7 23
9 10
4 84
10 80
4 56
1 73
4 60
8 11
4 57
10 28
6 19
8 56
2 20
7 83
4 93
10 21
9 87
8 28
6 4
2 44
8 30
6 25
3 76
1 61
8 16
9 88
1 20
10 30
9 33
9 72
1 68
4 24
8 91
3 33
10 74
6 100
2 26
9 1
7 39
5 47
5 39
5 66
3 50
7 35
4 28
1 43
1 5
6 85
9 41
4 60
10 60
5 39
4 4
10 44
8 24
10 49
3 4
3 48
4 64
8 32
1 87
9 39
3 76
5 1
10 26
8 1
1 16
9 71
6 5
7 14
3 32
8 20
2 87
3 10
6 79
7 73
8 92
1 39
10 82
7 52
4 40
1 44
10 29
2 40
3 11
9 98
8 62
1 65
5 26
5 53
3 96
3 58
7 29
5 96
1 32
2 37
7 62
3 1
3 50
7 6
7 24
1 14
1 78
9 57
2 32
9 12
6 93
5 97
10 64
4 79
5 42
4 64
8 52
6 78
10 53
4 0
5 90
3 64
2 33
7 89
6 95
9 100
3 86
4 79
4 49
9 6
1 93
10 55
4 81
5 35
3 34
10 75
6 26
7 53
1 62
7 69
3 42
2 51
7 76
5 56
2 13
10 17
7 70
8 67
9 73
9 33
3 94
7 63
3 49
3 74
9 27
5 38
8 87
8 31
3 34
1 43
8 81
8 2
8 75
2 81
2 91
9 42
9 71
5 77
4 2
4 18
5 55
4 40
8 45
3 47
8 55
9 28
8 49
10 69
9 40
5 32
6 60
9 75
10 74
9 7
10 45
8 96
6 38
2 55
2 66
10 84
8 56
6 0
4 81
5 88
7 3
7 55
10 79
9 56
6 14
1 73
2 5
8 50
1 81
7 64
5 3
8 80
2 45
1 27
10 22
2 100
6 3
2 79
4 85
9 56
2 82
4 39
1 89
5 68
5 19
2 51
9 32
3 67
5 30
1 50
1 40
4 0
3 5
1 100
7 19
9 51
5 3
1 39
4 44
8 19
6 16
9 39
9 42
8 87
6 62
8 22
4 100
1 74
10 63
2 6
6 3
1 63
9 43
8 47
1 58
8 63
1 70
10 43
3 93
4 23
7 30
4 88
9 44
5 88
2 8
4 19
3 91
5 78
9 31
6 99
7 66
3 58
9 40
2 92
3 35
9 93
4 56
9 99
1 15
5 19
4 2
4 4
7 82
4 18
6 38
5 9
9 11
6 39
10 42
5 98
9 2
7 84
6 47
8 7
8 4
10 17
9 72
9 92
10 16
9 35
4 12
5 14
5 25
4 60
9 34
5 38
5 81
6 36
10 71
5 58
1 39
1 43
1 46
9 16
7 58
9 88
4 93
8 2
6 12
1 59
8 12
8 35
3 66
2 77
9 88
9 79
8 86
10 88
8 22
9 90
3 76
3 45
2 0
4 77
9 17
9 67
9 25
7 61
1 14
10 54
3 85
3 68
3 7
8 64
3 99
7 34
8 31
10 95
3 89
2 41
8 58
9 62
8 1
4 89
6 78
5 14
3 14
9 57
2 51
9 57
9 44
2 2
10 68
5 37
9 12
9 37
7 66
5 6
8 17
1 94
3 51
2 33
5 3
10 63
7 16
8 35
4 57
9 68
4 24
9 45
3 83
8 23
1 34
4 34
6 63
3 12
3 51
3 20
2 25
9 49
1 50
4 93
1 6
1 60
10 39
5 28
7 96
4 43
9 13
2 41
1 95
4 13
2 67
4 79
1 59
8 10
5 54
1 3
7 34
5 53
1 17
3 89
3 93
4 28
1 71
4 70
3 80
4 50
8 43
9 46
1 81
9 79
7 33
10 62
3 5
9 99
3 43
5 94
5 6
1 65
9 63
2 47
6 19
8 51
4 15
3 31
9 85
3 45
10 56
4 62
2 44
3 56
2 0
4 87
3 27
4 8
10 81
7 52
1 71
2 93
8 72
7 16
7 56
3 69
6 40
1 92
10 15
5 48
7 63
8 27
10 93
3 55
4 23
4 50
5 32
7 37
10 3
8 70
1 32
3 92
10 86
2 41
3 44
2 56
9 57
10 28
2 52
5 35
9 93
7 6
9 55
3 58
5 89
8 59
4 11
7 15
10 51
10 42
9 77
1 99
6 45
3 51
4 39
4 86
3 63
9 80
1 17
10 55
5 45
6 17
4 56
8 89
5 47
3 29
9 95
5 93
8 98
5 34
1 28
7 9
7 33
8 35
1 43
9 4
1 64
5 4
1 69
10 51
7 6
10 12
6 37
10 79
4 16
10 46
2 19
8 88
3 78
1 11
6 68
6 60
10 22
3 6
9 75
5 75
5 43
8 52
8 6
7 64
7 76
4 3
4 10
6 68
3 3
10 33
9 11
10 78
1 61
10 66
10 68
9 53
6 23
6 11
2 65
10 55
9 83
9 32
10 86
4 86
10 96
9 23
9 98
7 11
5 32
2 81
8 98
1 38
4 24
6 46
1 86
1 21
8 64
9 76
8 77
2 46
2 66
9 95
9 6
5 72
2 17
5 84
6 62
6 15
1 69
2 33
6 61
6 96
9 33
6 8
9 51
2 48
6 12
6 17
1 20
10 39
8 66
8 83
8 24
2 46
3 35
1 17
5 3
2 78
1 81
6 37
9 69
10 7
4 33
4 17
4 40
9 43
6 30
8 37
8 35
3 38
7 86
9 89
1 76
8 49
7 93
8 95
3 71
8 13
8 79
4 22
2 35
4 28
4 48
7 99
9 30
6 54
9 18
4 21
6 51
7 52
9 59
5 40
1 50
1 37
1 88
4 29
2 37
5 37
7 78
1 24
8 72
9 32
8 28
6 3
1 81
3 61
7 83
3 36
2 38
5 45
9 16
2 45
3 76
2 11
9 31
8 16
1 16
3 40
2 30
7 84
10 97
1 40
1 21
8 80
4 60
5 15
5 50
1 61
4 2
3 34
9 58
9 18
6 10
3 54
7 80
8 2
6 67
5 24
4 71
1 11
10 21
2 66
2 57
9 85
1 87
7 67
2 91
2 28
5 26
4 76
8 56
9 46
9 57
10 67
6 89
7 43
1 92
9 38
2 77
1 57
10 60
6 41
4 3
8 84
5 57
4 72
3 5
10 52
8 3
1 24
4 88
7 35
10 56
9 17
9 50
8 7
10 80
4 3
9 96
10 48
3 4
3 89
7 47
4 52
8 7
5 66
2 34
4 100
3 78
8 95
8 46
10 100
3 10
6 33
1 75
8 33
8 56
6 86
7 77
6 58
10 3
2 4
4 57
6 85
9 68
2 6
4 10
4 82
5 59
3 63
10 99
5 11
2 95
3 38
6 42
2 53
9 75
7 13
4 58
1 22
3 25
4 2
1 45
10 17
2 23
8 86
7 65
4 2
1 59
2 78
2 57
7 89
5 87
1 78
3 55
4 31
9 87
6 84
8 52
3 85
2 65
2 47
2 53
1 87
4 92
3 32
1 37
10 28
2 37
5 76
3 98
9 72
7 2
7 94
4 71
2 80
9 42
3 40
8 56
5 74
8 2
2 90
4 83
2 14
8 8
3 61
10 67
6 77
5 35
1 52
1 89
5 40
7 58
7 15
1 60
4 4
7 13
2 39
9 70
3 78
3 15
5 28
5 40
10 0
5 81
3 80
8 4
7 79
9 94
6 76
9 10
6 81
10 8
10 6
10 37
6 1
8 43
7 17
7 67
10 75
10 82
7 69
7 16
1 28
10 26
10 47
8 26
4 93
5 67
2 80
8 86
6 30
8 54
2 10
9 66
10 41
8 38
5 8
10 81
8 14
5 50
1 98
1 63
1 15
4 21
1 1
4 77
2 69
8 80
8 73
4 21
4 86
8 33
3 89
3 80
2 92
4 50
3 30
3 83
3 94
5 68
4 28
2 98
3 18
3 10
5 62
10 2
10 37
9 91
1 96
1 88
1 13
2 76
2 34
3 54
3 96
9 100
2 4
8 50
1 61
10 73
4 66
4 51
9 75
1 70
4 11
5 31
3 91
4 0
4 35
10 1
6 69
5 24
2 38
2 25
3 48
9 76
7 23
7 86
5 40
1 41
7 3
6 42
6 36
6 7
7 95
2 88
8 22
5 11
9 26
3 57
4 29
2 72
4 67
2 68
4 58
3 44
6 46
7 38
6 10
7 83
9 67
3 53
2 57
2 48
7 82
8 1
10 7
1 42
6 61
5 3
6 59
8 10
2 41
9 33
9 68
8 19
6 60
2 10
6 96
8 50
8 61
4 45
1 14
8 25
9 59
10 70
7 14
8 56
2 19
4 81
1 47
1 87
7 62
9 28
3 19
4 2
1 47
10 41
4 49
3 11
5 81
5 84
1 100
7 69
2 47
2 65
3 26
7 7
10 54
4 72
4 84
2 9
5 70
10 27
5 49
7 69
4 24
6 7
2 61
9 45
3 38
10 45
5 69
2 30
3 63
6 84
6 81
8 62
8 68
7 18
9 7
4 23
3 59
5 64
8 100
2 16
9 86
10 26
5 82
2 36
9 89
4 50
7 27
5 44
6 40
3 89
5 48
9 80
3 59
8 31
2 88
7 12
6 26
7 44
1 15
6 83
8 40
1 79
10 54
2 88
5 18
4 71
7 16
4 64
10 28
3 91
5 35
6 54
10 43
5 17
4 25
9 91
9 8
9 80
2 50
10 80
1 38
1 60
8 47
3 16
8 13
10 5
5 63
6 28
4 19
3 88
10 8
8 17
5 50
9 91
5 58
9 64
1 94
7 29
2 6
1 35
7 37
6 6
7 50
9 2
10 7
6 16
2 27
8 29
1 83
8 89
3 45
10 83
1 3
1 17
1 30
8 91
8 41
7 80
8 71
3 76
2 90
4 61
10 9
2 26
10 71
1 73
3 56
5 8
4 11
10 78
8 6
8 13
8 3
1 77
4 67
4 47
6 33
4 22
9 44
6 97
8 12
10 60
5 31
2 22
2 31
2 36
6 3
4 3
9 85
3 22
5 34
5 78
9 10
4 14
7 72
2 36
3 40
3 37
3 7
3 87
6 41
8 10
6 96
5 40
4 87
8 23
2 25
10 26
4 51
8 99
2 81
2 76
10 81
5 40
5 83
9 51
8 72
7 10
7 15
2 32
4 2
5 37
8 29
8 52
6 16
2 18
9 59
6 49
3 91
5 25
7 38
1 90
6 90
6 97
5 4
2 29
5 20
9 19
3 39
5 5
5 39
2 35
5 14
4 13
7 45
10 90
4 54
5 55
9 80
2 78
4 89
9 60
6 28
4 41
10 53
1 36
5 58
7 55
5 100
6 30
9 36
7 41
9 30
1 93
6 14
2 63
10 67
10 24
1 8
3 81
5 67
3 18
9 52
10 72
7 2
2 77
6 67
2 18
2 13
1 90
9 19
10 2
1 30
10 86
4 40
1 27
1 6
6 47
4 37
9 78
1 1
6 57
5 43
3 24
7 24
1 27
7 26
8 63
3 17
1 16
9 10
5 92
6 89
4 17
3 18
3 46
6 63
10 22
5 55
3 13
2 90
10 92
7 39
6 85
5 24
8 45
3 43
9 92
7 70
5 48
8 66
9 46
8 43
3 91
7 24
6 32
9 41
4 5
6 22
6 10
1 43
2 55
7 50
6 29
6 70
5 73
10 47
4 15
6 13
4 47
9 2
3 20
5 72
9 75
10 69
1 57
1 18
5 81
2 77
9 27
6 55
4 76
5 36
10 19
8 1
3 74
9 2
4 56
2 48
7 12
9 32
4 34
7 86
4 92
6 55
10 0
5 6
8 48
2 62
2 42
6 40
5 42
4 26
1 59
4 67
3 96
10 50
7 9
7 24
9 22
8 6
7 66
8 1
4 0
6 42
8 17
6 76
2 14
1 11
1 1
6 91
10 83
1 3
1 75
9 61
2 16
4 46
8 77
4 49
2 66
3 6
2 64
2 83
9 36
8 12
10 83
4 78
10 15
10 87
7 96
1 40
3 68
2 63
1 0
2 34
7 66
5 26
1 4
4 64
7 10
7 41
5 38
6 9
1 53
1 61
1 90
10 69
1 39
8 100
7 28
6 58
7 29
5 24
10 44
1 67
10 61
6 21
9 91
2 68
7 17
6 64
5 23
2 30
7 100
3 87
4 37
10 88
2 43
9 76
4 51
7 50
9 43
6 14
4 56
2 48
1 15
1 28
2 31
1 6
6 30
6 56
7 26
4 16
10 83
9 12
6 15
2 91
7 69
7 88
4 62
1 76
6 7
2 98
10 10
9 91
7 54
4 36
3 50
4 60
9 10
10 20
8 73
1 67
9 98
2 84
9 36
1 7
6 53
2 35
6 38
6 100
3 25
10 85
7 66
10 46
4 96
2 90
1 81
9 66
1 43
8 52
6 48
10 95
6 88
2 10
9 7
10 70
2 88
9 81
8 24
2 11
8 55
4 70
8 92
5 85
2 25
8 38
9 95
7 17
8 95
3 86
6 95
8 23
7 26
3 68
1 83
4 63
8 46
4 50
7 43
8 79
9 98
2 63
3 78
1 83
2 82
8 20
3 74
4 92
1 70
3 16
6 25
8 73
10 9
9 88
5 30
8 97
10 5
8 94
4 93
9 77
3 21
10 60
8 70
4 69
6 98
3 50
4 28
4 61
9 79
7 55
10 63
8 94
2 7
10 35
1 91
1 34
3 21
6 43
3 90
4 97
4 31
8 3
6 67
5 19
1 11
1 1
10 37
4 99
6 22
4 77
10 53
3 48
3 83
8 1
3 85
7 35
6 32
2 36
9 34
2 35
5 55
7 90
1 70
9 44
8 26
1 28
10 3
6 24
2 27
7 94
7 14
8 45
8 5
5 41
1 4
5 1
2 69
9 71
1 29
10 92
3 47
9 52
1 42
4 87
6 86
2 37
3 23
1 1
8 29
9 12
7 88
7 0
10 69
10 54
5 96
6 10
7 94
6 43
2 48
2 75
4 88
8 32
9 58
8 61
10 1
2 76
7 87
1 14
1 34
3 39
9 37
9 54
10 25
9 34
4 13
2 96
8 14
8 78
8 12
5 67
2 92
3 55
4 88
7 40
6 38
4 41
8 33
10 79
3 97
4 77
5 80
10 14
1 44
7 52
5 86
2 79
9 46
6 19
9 71
1 25
6 5
5 27
3 73
9 67
1 24
9 53
8 6
5 36
4 29
7 68
3 66
4 12
1 1
6 59
7 54
10 4
2 85
8 50
8 32
5 5
1 4
2 64
3 42
5 46
9 9
10 73
3 34
7 41
1 42
8 70
4 15
9 67
9 63
2 39
2 92
1 59
3 71
8 55
10 2
5 19
3 70
5 8
4 23
2 99
6 19
4 77
10 87
5 58
8 53
4 64
8 4
7 55
6 47
3 28
9 23
10 51
2 92
2 69
1 21
10 50
1 81
3 17
9 30
5 34
10 26
5 0
9 36
9 16
9 14
10 86
7 9
1 74
10 84
3 52
4 46
4 18
8 1
5 14
4 77
6 74
7 73
2 80
8 20
2 97
3 59
2 95
3 68
6 62
6 42
6 73
4 59
1 62
1 81
2 52
1 13
2 97
3 63
9 2
1 87
8 20
9 90
2 38
9 11
5 72
8 71
10 0
6 91
1 93
4 100
3 72
7 14
8 30
4 40
1 31
8 27
3 4
7 18
3 90
5 23
7 37
3 27
1 65
1 62
5 28
1 28
4 80
5 61
2 27
5 16
3 78
8 7
4 11
7 26
5 43
1 98
7 77
7 43
7 74
8 46
9 84
5 64
6 29
6 92
10 7
6 89
6 46
1 32
9 44
5 79
6 56
1 3
8 27
5 38
6 45
5 28
2 45
10 17
8 57
9 48
3 62
2 3
6 13
3 87
2 10
1 87
7 85
2 11
1 31
6 63
1 19
5 69
9 60
7 33
6 66
5 23
1 38
9 43
8 89
2 62
7 23
1 7
9 80
9 53
2 75
4 1
4 94
8 68
7 22
3 18
6 94
4 61
4 18
10 67
8 22
7 18
2 54
8 19
1 3
9 91
8 78
2 86
5 37
10 3
8 94
7 51
6 95
1 38
1 40
7 16
6 90
1 36
1 16
8 55
5 47
1 86
10 8
6 7
4 23
9 35
2 27
6 13
1 4
5 70
2 49
7 4
1 13
7 13
8 50
9 44
9 63
1 8
9 42
4 17
3 50
3 30
7 28
10 7
6 18
7 8
5 25
4 4
2 71
3 84
2 59
9 9
5 62
5 69
4 70
2 43
10 37
1 40
7 56
6 45
1 62
5 49
6 88
4 74
5 59
2 4
9 97
10 53
2 72
3 26
5 100
6 73
4 36
9 58
8 64
7 97
3 37
9 45
5 42
3 46
10 37
3 61
3 52
10 13
5 65
10 84
6 0
7 26
1 66
9 5
3 24
3 89
6 13
2 89
3 6
2 67
3 98
3 29
5 36
5 79
4 34
7 39
5 55
8 42
9 63
1 68
6 12
4 9
3 99
3 77
3 12
9 4
1 13
9 86
2 5
7 80
9 45
8 75
1 62
6 63
1 85
9 90
9 80
1 91
5 99
6 88
5 1
7 70
9 87
4 97
8 13
5 28
7 74
9 79
5 49
6 55
3 42
3 40
10 97
6 35
6 29
6 77
1 29
6 65
5 49
2 47
2 26
8 57
3 77
6 92
7 94
8 32
5 38
10 67
6 47
1 1
7 2
7 94
1 98
5 78
10 93
7 63
8 49
10 78
9 13
4 33
10 33
5 26
2 43
1 52
8 63
6 79
2 80
4 11
7 30
6 95
6 94
6 42
8 86
3 69
7 4
6 77
7 27
6 63
9 41
4 3
2 22
6 15
10 45
8 40
2 93
7 55
9 13
3 9
10 96
7 15
4 39
3 42
9 89
9 3
2 75
9 88
3 93
8 6
5 33
7 29
1 13
2 27
3 39
4 92
4 44
2 98
8 54
2 27
9 32
5 81
8 73
8 49
5 66
1 6
4 9
3 44
7 80
6 84
5 15
10 37
1 65
3 66
5 9
9 22
4 33
8 89
4 21
5 88
10 25
1 41
5 13
2 37
4 35
6 67
9 22
6 5
3 28
3 20
4 94
9 93
6 46
4 16
6 63
6 99
5 72
6 43
8 0
10 84
4 89
8 3
6 1
5 55
3 88
10 64
3 66
4 20
5 73
10 96
5 69
1 35
5 12
5 54
7 52
7 39
3 21
2 47
2 70
10 28
2 74
5 69
2 4
5 89
6 61
10 12
4 27
6 15
5 66
10 92
1 16
3 46
10 52
4 25
1 85
3 67
4 27
9 11
3 0
7 53
5 79
7 66
6 9
8 76
4 95
9 26
9 35
8 87
10 82
5 10
10 62
1 31
4 12
5 70
9 22
3 17
5 27
8 81
9 68
1 87
10 6
10 51
2 87
7 82
2 33
3 26
5 55
2 93
6 9
1 5
6 85
7 46
5 35
8 69
9 2
8 96
9 27
9 80
9 11
6 60
8 73
9 100
10 96
2 73
1 11
7 43
2 73
9 14
2 5
6 32
10 60
4 30
8 5
8 97
1 83
10 21
1 68
2 98
2 80
8 82
8 49
4 58
10 93
7 76
8 36
2 64
3 17
8 89
2 20
6 21
4 39
4 50
5 72
4 60
6 99
10 79
7 64
3 44
4 94
1 87
3 22
10 49
7 73
5 12
7 62
6 16
1 61
6 72
10 58
3 20
8 28
4 51
7 21
6 15
9 21
9 55
4 48
10 46
4 38
2 25
10 96
3 35
6 81
5 13
5 38
1 98
6 4
2 10
5 42
4 79
5 57
2 26
8 9
10 13
1 35
9 0
4 84
2 93
3 42
8 54
3 94
6 47
2 49
9 70
6 61
6 65
6 34
5 6
2 66
4 53
9 69
4 69
5 10
9 9
1 20
8 64
10 38
1 83
4 3
2 38
9 20
5 3
1 88
1 17
3 23
4 7
5 16
5 7
4 18
5 20
6 95
5 8
10 92
2 50
1 27
6 19
9 38
3 39
2 72
2 87
10 55
8 89
7 44
10 35
1 87
5 31
3 71
4 49
2 7
3 46
2 79
7 61
6 65
10 73
8 82
2 31
7 25
8 51
8 27
2 78
6 67
1 62
10 69
10 15
8 7
9 28
6 23
7 35
6 82
2 11
2 28
10 61
5 4
7 88
8 15
7 56
7 37
3 21
4 20
7 14
7 13
1 2
10 4
2 9
1 79
4 82
5 92
9 76
7 27
2 90
3 53
10 60
2 3
5 32
4 14
8 23
3 85
3 62
10 52
3 87
9 82
6 52
1 12
5 97
7 29
3 7
3 96
7 82
5 54
6 93
10 1
10 57
10 95
2 38
2 68
1 96
5 98
10 19
10 71
1 11
5 76
7 50
4 95
4 100
7 21
9 77
10 28
4 31
8 3
4 13
6 35
7 37
10 96
6 42
3 69
8 93
5 34
9 64
4 88
3 13
9 24
1 18
4 38
2 45
3 60
2 42
10 54
10 24
6 81
1 22
4 81
6 23
8 37
2 57
6 53
3 70
10 57
2 98
3 83
3 94
6 65
9 42
7 74
10 37
10 57
5 38
6 19
10 28
4 52
10 40
2 83
6 76
3 13
5 9
1 13
10 80
5 24
2 71
2 14
5 60
5 46
3 47
5 52
10 74
3 99
5 24
4 89
10 15
1 80
10 74
10 14
8 22
7 6
10 37
1 0
5 45
8 21
2 90
8 77
2 19
2 40
5 87
7 29
10 14
8 97
7 42
6 92
4 37
5 32
2 52
5 43
8 14
3 11
1 37
2 37
7 24
1 10
7 89
10 72
6 33
3 93
7 35
9 99
10 84
5 1
1 44
6 15
10 81
10 26
2 55
8 37
4 75
2 37
9 14
3 21
10 89
4 39
10 2
8 71
2 87
9 83
1 4
2 32
4 34
10 51
8 26
8 9
4 32
1 41
3 48
2 98
6 67
7 29
3 30
7 31
1 38
9 25
9 10
4 31
6 16
10 26
10 13
8 84
10 2
2 70
9 0
9 19
8 62
1 48
9 12
9 55
10 56
8 58
5 36
5 53
7 51
2 90
6 78
10 9
2 61
2 30
6 63
3 81
4 3
2 72
5 19
5 5
1 50
4 24
1 98
4 82
9 15
1 25
9 86
1 51
1 13
1 54
3 52
9 34
3 4
7 65
2 53
1 18
9 39
10 24
6 27
9 14
10 62
3 2
8 60
5 10
6 73
9 46
8 67
9 82
3 31
9 29
7 9
10 12
1 83
2 56
4 15
9 1
2 34
9 2
3 29
2 97
10 65
9 63
4 42
1 49
7 72
6 14
4 81
4 65
10 8
1 95
9 5
1 97
5 23
3 57
2 93
2 69
8 59
9 55
3 45
5 51
6 87
1 0
10 17
10 9
7 34
1 28
1 11
4 57
1 36
8 92
8 43
3 12
1 91
2 89
10 8
6 17
6 86
4 78
3 38
4 12
7 90
6 53
1 44
6 4
2 30
4 5
4 64
6 69
3 84
6 90
9 17
10 99
10 55
6 61
3 11
10 98
1 21
3 48
10 91
10 33
6 29
2 63
9 44
9 73
1 11
6 38
7 19
9 1
2 71
4 49
8 100
3 54
2 67
6 17
9 71
7 84
8 29
6 3
6 23
1 46
9 37
5 13
2 45
2 43
10 89
5 63
1 63
6 68
4 39
5 26
2 97
5 33
9 4
5 82
1 56
4 0
8 67
10 51
7 48
1 90
7 54
6 78
9 4
6 100
4 15
5 10
8 4
4 26
4 98
10 81
5 78
10 52
6 55
4 61
2 14
3 49
2 36
6 11
7 46
10 57
4 67
7 47
2 37
10 0
7 79
1 29
7 55
7 93
3 12
8 21
7 97
7 34
10 84
9 99
9 84
3 2
7 67
3 59
2 82
6 57
4 83
8 18
4 22
8 67
6 70
3 46
8 67
3 40
9 84
3 52
6 88
9 81
9 71
4 20
3 79
3 36
7 27
8 33
9 85
10 52
4 95
7 75
5 78
7 45
6 19
8 32
3 82
5 20
10 7
2 27
8 13
2 94
4 22
8 97
7 47
5 34
8 47
3 18
3 12
8 40
3 44
4 57
10 21
6 82
10 89
3 16
6 36
9 52
3 59
3 41
8 47
4 7
10 38
6 97
4 30
10 64
7 93
3 13
1 94
10 36
1 11
8 14
4 3
9 7
6 45
4 93
3 68
7 84
9 26
8 34
7 84
9 59
6 4
3 93
2 31
8 56
3 72
1 71
1 98
1 81
9 70
10 21
3 64
10 30
1 9
5 26
8 54
2 12
8 71
9 75
1 72
5 46
7 48
1 93
4 86
5 82
4 70
6 41
6 21
5 56
1 87
1 27
10 9
1 24
3 27
3 21
8 56
9 16
7 83
10 50
1 57
8 2
2 82
10 18
2 65
7 70
2 14
7 52
4 82
7 40
9 99
4 63
3 99
5 30
5 75
2 84
3 9
10 9
3 62
3 64
7 73
8 91
2 81
10 40
2 19
10 86
1 70
2 10
3 83
10 92
8 70
10 22
1 33
2 23
2 16
5 11
7 50
3 49
3 99
2 87
7 40
4 54
10 95
6 19
2 77
10 63
7 63
8 59
10 35
4 76
4 67
9 76
3 18
5 79
6 91
6 29
2 95
6 66
3 55
4 19
3 66
9 67
5 84
2 32
4 61
8 7
8 59
3 57
9 20
1 19
4 99
1 6
10 77
8 37
1 3
5 9
7 49
10 67
10 78
9 95
6 57
2 36
10 36
9 43
2 100
4 27
1 75
5 57
9 0
2 67
2 55
5 12
9 45
7 65
3 3
2 49
4 53
5 79
6 84
7 78
10 74
4 20
5 82
3 76
9 32
4 15
10 99
3 69
1 79
7 100
3 62
4 99
4 95
7 24
3 89
5 72
4 77
3 62
2 9
4 32
10 41
5 98
7 19
5 28
2 81
2 90
5 9
8 64
6 41
4 14
1 87
5 86
6 76
3 56
4 100
3 72
10 65
1 22
1 0
8 2
6 74
5 8
2 2
9 76
2 73
7 36
6 4
2 18
4 18
9 89
7 62
4 6
7 59
8 6
5 38
6 22
4 61
10 64
2 76
6 72
2 75
4 95
10 41
10 1
8 27
3 24
3 12
7 74
1 15
4 7
10 0
5 99
9 69
4 47
6 98
8 70
9 83
1 86
2 10
4 29
2 71
3 76
5 37
1 23
1 7
7 61
6 63
5 71
3 38
7 64
10 57
4 69
1 74
9 3
4 33
6 11
7 44
3 86
10 14
9 44
3 65
7 94
6 100
7 10
7 37
8 29
3 96
6 46
5 77
7 89
7 14
4 96
7 47
8 28
4 44
1 53
1 70
8 17
5 78
5 4
1 42
6 54
9 91
1 69
1 35
6 9
6 47
2 57
4 38
2 60
2 36
10 22
10 85
1 65
3 70
10 41
6 37
7 37
8 78
9 77
6 55
1 9
4 41
5 98
2 55
7 60
4 50
10 47
6 37
9 90
7 37
1 96
1 39
2 79
1 90
3 93
5 42
4 45
3 31
10 99
5 64
6 19
6 93
1 31
4 35
7 58
6 14
4 44
1 84
5 0
10 9
1 68
9 95
9 18
3 38
5 49
4 93
2 26
3 10
10 77
1 31
9 79
8 24
10 98
10 77
10 61
6 66
10 17
1 42
9 53
9 74
8 70
8 43
7 51
4 93
1 22
3 16
5 37
1 39
1 35
8 94
2 76
10 10
2 89
7 5
4 89
1 42
9 53
3 30
3 42
8 89
5 59
9 98
2 63
1 52
7 28
1 10
1 18
8 34
8 50
10 71
9 83
2 75
7 57
7 54
2 32
6 9
6 50
10 27
1 32
2 25
6 98
3 87
3 81
8 48
8 48
2 68
7 90
8 69
9 99
10 78
9 21
6 83
3 11
8 18
7 4
4 40
4 80
10 72
4 56
1 41
5 72
4 83
4 80
4 92
7 7
4 83
5 7
3 87
7 10
4 6
3 26
3 21
8 46
10 24
7 68
7 59
9 72
9 45
6 47
2 99
7 3
10 35
6 61
2 87
2 78
5 96
9 96
5 62
2 62
1 75
6 53
3 55
1 96
5 95
3 16
2 72
2 71
7 69
10 6
2 15
10 8
2 48
5 23
8 45
6 20
5 12
9 74
5 0
8 52
4 89
7 80
6 87
6 61
8 27
2 5
8 33
8 99
8 91
4 10
3 61
5 56
6 68
6 37
8 8
6 53
1 84
4 24
6 23
7 11
7 77
9 53
10 54
7 82
4 15
9 82
8 2
5 39
10 4
10 43
9 34
1 28
7 79
1 7
1 31
4 96
5 96
1 23
10 5
3 15
1 44
4 14
2 64
7 27
6 59
9 23
7 89
7 94
10 34
1 87
6 47
9 54
6 70
8 42
6 68
6 25
9 50
8 26
6 48
3 100
8 48
7 75
8 64
1 72
2 94
2 11
4 2
6 94
3 31
6 54
8 91
4 34
2 73
4 8
5 13
9 99
5 58
2 9
1 63
3 55
6 90
5 2
5 5
5 12
8 93
6 18
3 46
8 54
6 62
4 50
5 43
7 62
2 47
1 39
7 88
7 31
5 7
1 8
1 89
10 84
4 51
8 1
2 22
1 32
8 94
2 80
1 64
3 91
7 17
3 13
10 32
3 89
8 33
3 66
1 58
4 54
5 89
2 72
7 80
2 91
3 58
10 6
8 34
6 23
1 31
8 38
8 26
2 83
6 20
8 38
5 6
5 2
3 38
1 65
10 4
6 92
4 44
4 88
8 64
2 22
1 24
3 4
2 60
6 46
2 32
7 78
2 85
4 9
7 27
6 81
4 79
1 30
3 45
6 61
9 19
9 51
6 61
9 100
1 2
1 65
9 55
4 25
1 87
1 64
4 38
1 62
2 68
4 45
7 82
4 74
5 90
8 29
6 100
9 83
9 23
3 3
5 96
8 19
10 34
8 65
4 28
10 56
4 11
7 67
6 98
9 86
2 96
5 38
4 18
8 57
9 9
1 27
9 93
6 39
1 25
4 98
6 62
7 6
7 82
9 83
4 2
6 68
9 98
3 98
6 75
6 66
1 73
9 62
7 41
2 26
1 98
3 90
9 41
1 28
1 67
3 81
4 54
1 79
5 52
6 40
2 24
3 19
6 28
1 100
6 43
3 87
2 87
3 35
10 96
9 17
10 100
5 70
1 25
2 37
2 6
1 56
3 11
4 60
3 51
10 53
5 68
6 39
7 60
6 69
1 3
3 97
3 93
9 38
3 0
2 53
9 98
2 43
10 42
10 30
6 29
1 74
9 80
7 97
10 62
8 80
9 36
2 58
10 61
8 35
8 84
6 98
6 65
7 72
5 50
4 72
8 64
5 29
9 48
4 14
4 39
2 49
2 17
6 36
5 99
9 49
2 15
6 71
1 31
6 100
4 27
7 13
8 5
1 39
3 1
2 26
4 95
3 91
2 44
10 60
2 38
5 54
7 84
3 36
9 77
9 69
8 95
2 50
9 48
1 31
1 20
4 9
2 94
2 11
3 46
8 67
5 11
7 60
6 77
9 33
3 97
4 35
8 93
5 100
1 44
6 51
7 66
9 89
3 97
2 23
1 82
4 80
9 9
1 29
4 11
10 80
1 84
4 73
3 24
1 17
10 28
3 94
9 39
2 74
4 47
8 59
3 44
6 23
3 28
2 65
2 10
6 76
1 1
2 75
4 4
7 96
8 21
6 25
9 46
7 64
8 26
2 67
6 4
3 77
10 27
1 41
7 99
2 100
7 6
1 76
7 7
4 97
1 68
10 23
1 51
10 23
4 17
3 41
9 47
3 31
9 87
8 36
9 32
7 11
10 78
6 90
4 79
5 84
2 77
10 12
3 44
9 96
1 26
9 53
10 56
6 84
8 27
1 65
5 34
10 38
8 46
9 26
7 58
6 62
6 53
9 14
9 55
3 64
3 64
8 88
9 46
10 13
7 64
2 86
9 28
5 53
4 54
9 57
8 24
4 40
7 73
10 75
10 24
10 64
1 18
1 92
7 82
1 86
4 67
4 95
7 65
5 39
9 100
10 79
10 31
5 88
1 82
10 48
1 34
8 87
1 82
2 82
10 100
3 56
3 12
1 38
5 79
10 74
2 31
3 68
1 99
3 97
6 20
3 77
1 78
2 23
8 66
10 91
1 24
9 63
9 72
6 18
1 52
6 1
8 10
1 49
3 81
6 72
6 77
4 30
3 23
6 30
7 19
10 65
4 47
6 27
6 0
8 4
7 56
4 60
5 50
10 30
10 72
4 31
5 91
6 52
1 72
2 65
4 41
8 69
10 57
10 30
10 69
10 28
2 82
6 23
9 61
9 62
4 11
5 80
9 77
8 51
6 69
6 48
3 92
8 24
10 40
3 17
4 37
6 57
6 36
3 45
9 55
3 16
5 25
3 31
8 54
8 14
4 80
2 99
2 46
4 3
5 76
2 68
8 40
7 75
1 41
3 99
5 31
1 57
2 53
6 76
6 19
5 53
8 27
10 24
6 20
7 57
7 24
5 2
10 43
8 62
3 95
9 70
10 7
7 80
8 14
4 93
3 40
7 22
4 26
4 45
6 46
3 79
10 74
9 21
4 76
5 94
10 86
9 42
8 83
7 37
4 30
2 44
5 100
10 34
5 19
6 2
3 93
9 30
7 79
8 65
8 95
4 28
9 18
1 94
4 45
8 68
10 83
2 90
9 99
7 31
7 61
7 25
7 5
6 14
6 20
10 66
4 70
8 3
8 87
4 7
9 14
9 78
8 63
8 4
1 24
10 23
1 99
8 39
9 78
2 79
9 54
9 69
1 57
5 49
7 89
1 83
3 65
6 31
5 16
8 32
5 39
6 71
2 68
4 70
5 78
1 33
10 48
3 63
9 91
5 32
5 36
8 87
4 90
2 48
6 66
5 41
8 24
3 40
10 99
3 24
1 83
1 35
5 52
1 29
6 46
2 89
7 9
6 0
9 72
1 46
7 48
5 3
8 12
7 94
8 48
6 66
3 64
2 99
9 49
1 88
1 67
10 36
10 7
4 92
8 68
4 76
8 85
10 47
9 91
3 12
5 23
1 87
1 7
1 100
6 51
6 42
8 68
10 15
3 21
9 76
4 79
2 25
7 12
8 72
8 18
5 93
4 46
6 58
3 0
2 68
6 71
6 0
5 94
6 7
5 68
2 54
3 60
4 53
7 28
6 99
10 58
6 19
7 60
1 36
2 78
10 70
4 35
3 19
4 44
2 18
7 78
6 48
5 91
9 18
6 55
5 3
1 50
1 24
3 30
7 45
8 12
4 99
4 73
2 1
4 89
3 2
1 70
7 60
3 57
9 94
7 25
1 87
2 96
1 91
4 7
1 17
4 13
10 79
9 43
2 11
10 59
1 55
5 65
7 71
10 53
6 84
1 7
2 66
10 38
10 27
2 93
4 53
3 59
2 62
7 99
2 1
6 8
5 85
7 88
10 34
1 9
8 82
1 28
2 79
10 38
1 27
4 54
5 8
6 18
7 93
1 65
8 31
6 78
4 3
10 9
1 28
6 6
10 45
3 63
8 44
1 67
3 23
3 39
5 26
4 0
2 60
5 27
1 3
3 83
5 36
4 33
7 29
5 49
7 22
8 75
10 63
9 37
2 28
6 71
3 70
10 94
6 36
3 84
6 91
8 83
2 43
8 96
8 21
5 83
9 59
6 60
6 67
7 77
1 69
6 99
2 48
9 24
7 52
5 29
3 49
10 78
9 74
5 86
1 12
9 47
2 92
9 90
10 87
2 16
3 20
2 29
8 82
7 55
9 21
5 8
3 5
4 25
9 55
6 99
5 85
10 73
10 40
5 57
8 72
7 83
6 12
3 81
10 90
10 47
1 47
1 100
5 53
4 11
4 29
2 45
5 11
8 54
8 51
10 51
10 2
9 23
2 67
1 43
2 89
7 39
9 73
8 30
2 34
4 40
6 53
8 44
5 39
2 91
7 27
5 8
1 8
6 81
10 36
1 36
8 4
10 52
8 46
4 55
4 67
10 26
10 38
1 56
4 26
4 80
4 37
6 20
1 33
4 44
10 9
7 10
10 43
2 54
7 82
4 46
9 0
6 40
9 45
6 67
5 60
6 65
4 24
9 99
4 42
10 62
6 13
6 96
6 14
6 21
9 49
1 63
5 67
3 17
8 100
8 7
8 90
3 8
4 85
10 68
7 17
6 30
6 18
3 31
9 92
8 64
7 68
8 1
2 31
2 4
6 3
3 29
2 1
5 64
9 30
8 27
6 4
7 88
9 41
2 29
7 7
7 35
7 89
3 36
2 83
2 69
2 9
7 14
5 10
4 9
8 7
1 31
5 17
4 82
10 88
8 70
3 44
4 26
6 3
8 0
6 99
10 79
5 50
10 61
5 18
8 56
10 54
4 47
9 80
6 54
8 42
5 57
1 47
7 83
3 29
10 85
3 50
10 32
4 83
10 33
9 38
4 64
2 43
9 44
6 36
4 66
5 18
8 68
6 19
6 75
2 53
9 92
10 27
1 2
6 45
3 100
5 37
9 83
3 79
1 61
1 34
5 52
4 36
7 49
8 77
2 26
9 89
6 72
2 48
4 83
5 13
1 4
9 4
3 0
6 72
1 55
2 75
9 46
3 31
1 0
2 10
1 57
5 64
3 65
2 35
9 92
1 95
2 67
10 100
10 66
4 37
10 20
3 10
2 93
7 94
8 61
2 71
5 90
9 42
5 31
6 93
10 16
10 19
8 44
4 86
6 44
9 16
1 13
5 35
8 37
4 100
2 2
7 16
7 99
3 55
8 98
8 94
5 82
2 24
4 86
8 2
10 81
6 34
10 58
5 61
9 43
4 5
2 36
8 36
4 95
5 38
6 49
1 45
5 62
7 51
6 10
4 16
1 11
10 37
6 42
10 88
2 97
4 58
4 53
10 80
10 48
7 98
2 55
6 69
2 47
4 28
8 8
6 42
7 56
10 48
8 79
8 72
7 20
10 86
5 55
2 10
7 51
1 63
9 93
6 98
8 64
5 55
1 44
8 52
6 80
9 48
10 62
9 57
4 97
8 14
9 76
9 24
10 56
3 41
2 86
8 20
8 98
2 22
6 73
1 64
8 9
9 18
9 70
9 99
1 48
7 95
3 32
6 55
1 1
3 4
6 71
2 75
1 58
8 71
10 36
10 49
2 17
7 88
6 68
6 77
10 5
8 84
10 33
4 71
5 14
1 87
10 21
10 94
6 95
1 90
1 67
4 70
7 5
5 60
1 87
7 60
8 53
3 58
1 57
9 99
8 46
5 19
6 69
4 76
10 57
1 11
3 15
8 85
8 10
6 70
6 69
10 85
7 5
7 73
1 53
10 60
10 51
5 22
6 76
6 55
3 66
3 75
6 12
8 36
4 86
1 65
4 11
10 98
4 27
1 75
9 69
7 53
7 2
5 82
2 10
3 59
9 81
4 100
4 43
7 48
10 49
4 67
7 58
2 11
6 52
5 42
8 51
6 95
8 17
2 61
3 17
6 91
1 73
4 67
5 55
6 63
9 43
3 19
7 53
2 94
10 24
5 57
9 23
9 81
4 24
2 1
1 44
4 34
2 9
9 68
4 89
7 4
2 59
4 74
5 21
7 54
7 96
7 42
4 60
4 20
9 2
7 38
4 75
1 90
10 45
4 54
10 5
10 11
10 36
9 100
3 56
9 86
2 91
10 10
1 3
6 69
1 46
3 65
1 87
4 72
3 15
2 61
6 95
1 21
10 94
6 4
9 10
8 68
9 2
10 19
8 0
2 5
5 4
6 71
7 21
4 38
8 9
8 70
10 51
5 64
7 100
9 71
8 53
4 76
5 78
1 8
1 55
5 78
9 43
6 62
10 90
2 47
4 19
8 50
9 39
7 3
9 49
3 75
6 15
4 24
4 84
2 27
10 69
8 27
9 20
1 68
8 53
5 29
10 52
3 98
2 16
8 47
7 80
1 64
10 97
1 2
7 10
2 15
3 8
6 84
9 61
1 54
6 52
2 88
6 73
8 2
6 63
3 61
1 37
8 88
9 79
4 23
6 45
9 74
9 22
3 49
2 23
7 72
8 70
2 32
9 80
9 76
1 54
9 25
10 87
7 14
1 25
2 1
7 95
9 68
1 83
4 98
7 86
2 23
9 52
6 20
10 18
7 94
6 46
6 79
7 8
2 85
7 20
1 6
9 80
10 6
3 63
2 92
3 34
10 39
1 54
3 34
3 4
6 54
8 92
5 100
4 45
6 80
8 62
1 70
8 32
1 10
2 22
9 1
5 82
10 45
1 1
10 40
2 42
2 57
4 93
4 16
5 6
2 54
8 15
10 51
3 7
3 48
2 39
7 54
2 77
9 0
3 7
6 30
4 60
1 87
3 45
8 100
3 100
1 17
3 19
7 44
7 18
10 80
1 24
3 14
6 30
5 40
6 93
10 99
3 8
10 78
3 25
2 55
1 54
3 80
2 27
2 66
9 49
5 50
2 16
6 62
4 11
1 75
4 70
4 80
7 23
8 57
6 76
8 96
10 59
5 34
7 73
1 50
8 96
6 58
10 53
6 68
6 23
1 49
9 87
5 79
2 56
6 9
3 26
1 66
9 32
1 27
6 13
6 80
7 100
1 80
7 24
1 97
10 4
4 33
4 91
8 0
9 14
3 54
4 30
10 64
6 87
8 10
3 41
1 20
8 41
9 86
8 21
10 72
1 85
3 84
8 49
2 3
3 73
3 28
1 3
7 30
4 5
3 29
9 63
9 26
1 25
2 72
1 95
10 98
8 1
1 77
5 56
9 23
10 32
2 83
10 96
2 83
10 6
4 72
6 55
4 33
9 29
5 40
4 98
10 63
4 78
2 96
1 52
10 40
3 58
10 46
6 52
5 64
7 49
7 87
3 28
1 28
1 57
1 59
9 20
1 32
8 33
7 66
3 77
9 9
1 77
6 98
10 8
5 37
2 1
9 11
6 88
5 93
5 100
2 51
6 76
6 46
9 78
4 39
9 91
3 37
3 13
9 33
1 42
5 43
1 60
8 69
1 86
8 54
1 80
2 2
1 59
10 32
4 15
8 14
5 5
9 63
4 55
2 1
6 6
3 42
7 57
8 51
3 48
10 19
9 87
6 35
1 76
6 57
1 38
8 15
5 66
5 36
5 52
5 13
1 31
8 12
5 25
7 96
9 41
9 97
10 7
10 10
7 31
4 42
9 45
3 14
4 31
8 63
3 85
1 97
2 37
9 89
8 15
7 30
6 53
8 99
6 28
7 57
2 31
4 84
7 43
2 6
8 57
2 66
2 75
10 91
10 9
10 56
2 22
6 51
7 7
8 33
9 71
4 61
5 8
10 25
6 65
8 67
5 81
3 62
5 91
3 41
6 0
2 19
6 71
1 17
6 68
8 48
4 14
6 2
8 95
6 93
1 36
4 18
10 15
9 50
10 34
2 8
1 87
2 39
9 76
1 69
6 9
5 1
3 78
8 59
3 73
4 83
7 36
2 57
7 86
3 51
2 24
9 96
8 6
8 26
2 89
8 47
6 36
1 45
5 21
9 50
5 14
10 36
6 15
7 7
8 42
9 54
7 47
8 52
2 2
2 79
2 42
5 12
4 55
6 34
1 74
2 4
4 11
10 8
10 32
3 93
8 59
1 29
5 12
5 89
10 8
8 23
10 95
6 31
2 90
4 22
4 64
8 83
7 39
9 70
1 18
7 29
6 88
2 41
8 45
7 63
6 79
7 88
10 5
1 97
2 36
3 30
9 32
3 57
8 4
7 27
2 41
7 44
3 22
10 25
5 84
5 1
5 34
3 79
9 2
7 78
8 93
9 28
7 97
10 93
5 90
4 49
3 29
8 37
4 38
5 41
5 97
2 90
7 4
1 29
5 35
2 23
2 17
10 58
10 67
10 75
7 61
3 24
8 99
3 88
5 24
4 50
5 61
3 82
8 64
4 59
5 26
9 6
3 44
3 81
9 50
2 27
5 66
5 47
1 18
1 62
1 5
8 46
10 11
3 28
9 67
4 43
9 36
9 51
4 22
1 25
8 69
4 73
10 49
5 40
1 82
6 37
4 91
3 19
5 41
3 38
7 20
5 37
5 10
1 87
5 73
2 38
9 77
9 0
6 67
6 16
1 7
10 11
6 23
9 6
5 28
9 62
3 61
10 61
10 77
3 65
10 89
3 56
1 16
6 95
3 79
6 93
1 68
7 56
6 43
8 76
3 86
9 73
9 31
9 48
5 88
4 98
9 89
2 87
3 48
7 18
3 85
9 41
7 24
10 40
10 76
7 39
4 47
5 46
6 28
1 91
5 84
4 81
5 50
7 56
6 54
5 3
5 51
10 68
4 55
7 68
4 49
2 22
6 28
5 18
7 94
5 73
8 51
2 69
7 55
5 1
6 58
7 61
10 39
1 36
8 98
8 53
10 60
2 5
5 27
5 57
7 93
5 33
3 41
2 54
2 1
2 18
3 24
10 8
4 55
8 62
4 0
6 10
1 50
10 65
8 66
6 27
1 3
10 95
5 26
8 84
6 9
2 57
7 1
8 45
1 75
8 82
2 58
2 39
9 78
7 22
3 42
3 80
10 93
3 60
6 77
3 97
7 89
10 76
1 10
3 50
10 27
1 62
3 1
7 31
8 35
4 93
9 93
6 3
10 91
8 18
5 14
10 59
5 74
1 76
9 61
1 69
6 63
8 8
6 55
1 24
6 19
10 12
10 37
7 95
10 49
8 49
1 82
2 17
3 13
10 39
9 2
5 76
5 7
5 96
5 17
7 1
6 19
9 5
10 84
9 15
4 14
10 46
4 92
2 78
5 50
3 82
8 74
4 92
4 81
4 95
9 9
8 30
1 3
4 6
4 67
6 65
1 42
9 56
10 75
4 58
3 65
6 74
9 28
9 40
2 12
7 34
7 86
3 73
4 92
4 20
6 32
2 72
9 77
5 98
7 71
6 0
6 4
9 80
7 98
6 40
1 66
2 93
4 64
9 0
10 78
2 22
9 20
4 6
5 4
9 94
5 34
4 19
9 1
4 28
5 79
10 86
9 17
4 40
4 57
5 95
10 81
8 73
2 10
8 28
3 19
9 49
7 85
7 49
1 12
8 36
10 29
6 34
5 81
2 41
5 89
8 0
1 83
7 74
2 53
10 56
5 5
7 4
8 68
6 39
8 53
10 21
3 34
3 53
2 3
5 63
10 67
3 7
3 61
7 6
3 54
2 85
6 19
1 25
10 75
7 17
5 71
2 48
9 46
1 4
2 98
10 30
9 7
7 60
6 93
9 23
9 74
5 60
2 9
5 85
9 24
2 72
4 71
5 99
6 31
1 7
2 75
7 83
10 52
8 18
8 92
6 41
1 54
10 88
3 99
2 1
2 49
9 69
1 20
10 16
4 71
7 29
5 54
3 72
9 92
3 15
8 72
4 19
10 92
2 65
9 79
9 88
6 34
8 42
10 6
1 34
10 37
2 51
6 79
1 93
10 13
9 13
8 93
6 71
6 18
5 96
10 62
3 52
5 63
6 78
6 66
10 29
4 8
6 98
5 58
9 55
9 47
1 23
2 58
5 28
3 1
10 36
1 37
10 22
10 49
6 17
3 49
1 0
8 31
8 80
3 98
6 60
1 19
6 34
3 73
4 56
4 93
4 65
10 19
1 1
4 68
7 4
5 16
6 41
1 56
2 91
10 74
4 93
3 20
5 39
3 56
6 97
2 38
9 54
4 73
1 63
7 21
9 13
2 22
5 34
4 36
2 58
4 41
7 44
8 6
9 84
2 59
8 56
1 81
2 4
4 2
2 71
3 56
8 37
1 77
3 5
10 85
10 15
4 3
2 54
5 80
10 26
5 44
7 20
1 55
8 43
2 11
3 73
5 7
9 70
9 81
6 86
8 51
2 55
1 34
6 69
1 36
5 34
10 97
4 91
9 32
4 28
3 76
7 92
2 94
5 4
7 64
7 56
6 44
10 60
5 36
8 72
8 58
4 47
4 72
8 46
7 78
5 86
7 92
10 28
1 9
4 1
8 73
10 30
6 71
8 16
7 88
9 36
3 61
8 18
9 25
8 44
4 4
1 99
3 97
7 0
1 35
4 9
4 42
7 56
8 78
10 9
8 30
7 74
7 97
9 17
3 5
7 100
3 30
3 11
5 36
1 69
9 41
5 17
10 30
3 37
10 24
1 90
7 85
6 18
4 37
5 27
1 97
10 90
2 63
3 16
5 62
10 47
10 20
4 76
5 25
4 94
2 53
4 15
8 15
5 30
2 21
10 50
2 84
3 59
8 23
4 7
7 30
6 67
5 12
7 15
4 51
8 68
4 67
5 30
1 43
6 89
6 24
5 33
6 95
10 78
8 17
2 61
2 69
10 24
1 9
9 32
1 12
3 7
7 51
1 83
1 64
5 40
3 9
4 69
6 39
2 81
8 2
10 56
8 53
8 13
10 18
5 31
10 26
1 69
3 53
4 24
1 37
10 44
10 47
7 33
4 98
9 46
5 94
8 57
6 39
5 93
6 52
4 100
4 57
1 68
3 61
8 33
8 94
5 85
10 42
6 10
10 58
7 64
4 77
2 99
7 84
10 2
6 28
6 16
5 34
4 73
4 67
2 29
3 90
7 27
4 13
3 53
10 74
8 82
4 38
10 88
4 56
1 12
2 96
2 65
7 44
6 97
4 80
9 9
3 50
8 6
5 25
5 7
1 2
10 78
10 3
10 56
2 30
10 76
4 57
2 5
7 28
10 33
9 34
6 45
9 28
1 29
2 66
10 52
10 85
1 21
5 82
7 44
9 7
3 45
9 62
7 40
3 30
10 25
10 89
3 30
4 97
2 78
2 32
7 7
10 50
3 21
3 20
10 58
4 96
10 49
3 10
10 4
4 98
6 100
2 100
6 97
2 65
3 7
2 75
2 89
4 91
5 73
1 38
2 55
7 3
4 84
6 1
2 59
4 2
1 10
8 30
1 12
9 84
2 28
8 66
1 18
1 44
10 45
5 25
4 55
6 2
1 11
7 0
4 68
1 40
10 54
7 71
10 71
3 15
1 100
3 5
10 56
1 22
5 64
6 91
1 81
3 20
8 66
10 3
9 97
4 14
9 10
1 70
3 90
3 78
10 35
3 14
1 64
3 64
8 76
8 95
6 88
5 23
10 81
1 89
6 63
10 38
5 76
8 60
7 19
3 66
2 66
9 83
6 35
7 35
8 75
3 63
6 28
5 5
7 72
8 47
6 9
3 95
6 89
4 55
5 90
9 56
6 52
3 51
1 77
5 53
1 18
2 35
3 90
6 44
4 46
9 100
5 44
7 73
5 39
4 78
2 22
9 77
1 27
3 37
9 78
4 99
5 15
9 34
6 92
10 12
2 71
9 42
9 92
2 96
6 85
5 39
10 81
9 97
6 73
2 92
4 49
3 5
1 74
3 46
3 34
10 30
1 69
2 76
2 42
7 78
3 15
2 37
8 13
7 49
1 56
3 85
8 71
5 69
4 53
4 28
9 63
8 45
1 89
1 45
6 24
7 3
7 4
3 68
6 42
3 7
9 83
10 26
10 65
5 67
10 89
4 41
9 18
9 77
8 73
7 60
9 26
4 81
5 20
8 92
10 29
3 8
3 64
4 37
10 15
3 1
10 52
9 45
6 67
10 80
6 21
4 5
5 5
6 11
8 66
4 52
3 89
6 78
2 3
3 34
9 55
6 44
2 92
3 97
4 2
8 67
5 45
4 36
2 83
5 74
7 5
8 51
9 66
1 49
10 66
7 20
2 67
4 95
8 40
7 51
10 54
4 60
5 79
3 80
2 32
2 22
7 74
1 50
9 35
4 62
6 75
1 66
3 20
9 24
4 75
2 66
10 38
9 77
6 15
5 30
1 43
1 60
3 16
3 56
3 49
9 72
5 93
7 18
8 98
1 20
1 59
5 28
8 41
1 49
5 53
2 78
4 57
9 78
6 43
6 91
3 99
6 89
7 2
1 69
7 27
10 14
8 98
7 35
4 82
7 32
5 18
3 62
5 8
7 60
5 33
7 8
3 25
10 60
7 82
4 17
2 38
7 41
4 69
3 77
1 59
5 51
9 68
6 84
10 21
10 4
6 95
4 11
2 38
4 66
7 19
5 24
3 53
4 64
7 53
6 6
1 78
5 83
7 98
3 95
10 38
6 84
6 94
3 30
7 53
8 67
2 94
8 27
1 50
1 27
2 89
9 30
7 96
4 44
6 85
5 64
3 60
6 1
1 86
5 37
1 47
1 71
1 55
10 37
10 51
6 3
4 3
2 54
3 1
1 5
2 6
8 77
9 58
6 47
7 44
5 54
8 40
4 96
1 39
3 1
2 55
6 98
7 66
5 22
10 69
8 32
8 90
4 76
6 31
7 92
9 61
5 81
1 13
5 90
10 62
3 33
9 97
10 26
9 0
7 15
9 77
1 52
4 36
10 97
5 6
4 75
4 17
8 46
4 19
2 35
1 65
3 16
10 55
4 87
3 88
2 44
3 71
4 1
9 24
4 50
8 94
3 31
1 68
2 97
8 57
5 31
8 50
6 44
5 30
6 91
10 58
6 10
10 2
5 50
9 17
1 92
1 36
6 81
7 84
2 77
5 75
3 20
2 42
5 23
6 91
2 18
3 48
6 98
5 80
3 40
2 71
8 15
4 12
4 96
7 23
2 92
4 38
2 17
3 70
5 5
4 49
10 21
5 37
10 67
6 19
6 30
2 89
8 71
9 36
5 46
3 18
1 34
3 54
6 69
7 27
6 99
9 17
6 95
6 23
2 6
10 61
1 14
3 2
10 21
8 23
10 74
6 89
9 94
8 55
6 15
7 44
8 59
1 5
6 3
1 15
1 27
7 44
10 6
1 96
4 23
7 31
4 13
10 83
6 42
5 51
4 34
6 99
5 34
3 95
7 45
8 21
8 4
5 66
4 50
5 59
2 48
7 83
8 87
6 65
2 97
6 44
5 61
9 16
3 60
9 34
3 66
2 10
2 22
5 42
8 54
1 43
9 74
7 80
5 64
10 85
10 99
4 64
10 4
7 30
7 34
9 16
3 20
4 31
4 11
2 77
6 69
7 100
6 18
10 31
6 51
5 100
7 39
6 32
4 3
10 28
7 81
10 74
4 78
7 20
9 23
10 82
5 98
6 97
9 47
8 65
4 33
4 65
10 95
9 0
9 65
6 33
3 72
7 5
6 26
9 27
4 45
2 53
9 82
9 32
3 10
10 66
1 100
5 60
3 21
2 39
7 71
7 77
6 65
2 97
9 47
3 74
7 12
7 18
10 50
6 71
8 60
7 70
9 1
8 39
2 2
8 78
3 67
5 56
10 7
1 35
6 29
1 31
3 88
5 92
2 83
8 99
7 81
3 30
8 34
3 19
9 17
8 3
9 49
5 85
4 42
3 3
8 40
10 10
9 22
3 50
6 72
7 2
5 25
2 30
6 16
2 43
9 92
2 38
4 56
5 78
4 20
3 96
5 96
2 12
1 91
8 16
6 37
10 52
4 60
8 41
10 10
3 73
6 58
2 45
5 29
8 55
9 2
4 7
7 32
6 100
7 96
1 73
6 60
9 61
1 54
10 62
4 7
9 42
5 3
9 39
2 63
9 81
9 49
1 68
1 23
2 5
6 6
4 60
3 71
2 98
3 53
8 85
8 89
5 48
10 72
7 59
2 79
1 85
2 85
1 87
9 6
9 80
4 53
8 56
5 3
8 7
1 51
10 21
5 67
1 54
3 76
2 45
9 72
9 32
6 25
4 89
8 43
5 45
2 17
2 56
3 54
3 73
10 59
9 70
2 68
1 56
1 78
8 8
10 81
8 45
1 0
7 6
6 11
1 31
4 43
2 33
10 36
6 80
6 0
2 44
3 95
6 40
5 85
6 24
2 0
4 42
5 78
1 95
4 67
6 39
6 59
4 15
8 44
7 30
5 97
9 94
8 61
1 39
5 31
7 57
6 64
8 44
8 58
6 26
4 44
8 59
7 45
6 37
6 30
8 56
5 87
6 13
6 7
10 5
9 91
3 14
7 82
8 32
6 54
8 12
6 26
5 37
2 42
5 5
1 45
4 75
5 49
10 79
10 23
8 56
10 8
8 42
5 50
9 40
10 95
7 63
5 32
1 98
9 89
10 43
10 86
9 92
10 53
4 67
5 12
4 18
3 34
8 71
5 73
9 93
2 85
9 87
5 58
3 41
7 93
2 54
5 91
3 99
9 24
4 30
8 10
1 13
1 63
8 95
4 52
4 76
5 4
4 87
2 91
3 47
8 55
2 29
6 96
2 5
9 78
3 30
5 73
8 94
7 66
7 30
1 63
7 28
5 49
9 83
6 78
8 67
9 5
9 87
8 45
2 98
2 4
8 14
2 2
5 74
8 27
4 43
3 45
6 46
1 54
5 34
2 78
9 64
10 47
7 19
2 98
1 32
1 85
3 91
5 70
10 55
4 40
8 16
6 82
10 73
4 48
8 57
5 59
10 43
6 91
3 80
1 51
5 78
6 17
4 15
10 25
3 64
9 37
1 0
6 37
4 3
8 14
3 81
3 31
3 22
2 51
1 44
9 53
5 22
9 60
9 12
1 30
1 82
5 16
7 22
1 30
10 60
6 68
5 44
6 74
9 26
1 45
7 64
4 100
1 46
10 97
2 68
8 38
1 91
6 26
9 78
3 17
2 74
2 81
5 46
10 89
6 66
7 13
6 29
5 88
4 97
6 41
6 51
1 58
9 48
6 37
9 92
6 43
1 73
2 83
1 86
2 9
4 64
2 99
4 71
8 21
6 91
9 89
10 57
5 67
7 50
7 49
4 57
4 47
2 41
8 20
2 96
3 62
5 77
9 88
4 90
6 3
9 89
4 49
5 52
4 71
5 18
3 11
3 85
1 11
6 42
8 72
10 60
9 21
5 59
7 26
4 68
8 86
6 84
3 52
1 12
8 71
4 98
4 2
10 3
6 97
6 88
9 4
9 1
6 84
6 56
7 64
5 62
7 72
4 77
1 4
1 70
1 82
10 1
2 23
8 93
8 86
2 32
2 6
3 8
6 35
9 62
10 17
5 46
1 10
7 11
1 84
2 50
7 69
6 15
2 25
3 1
7 21
6 8
7 20
4 56
4 22
9 80
5 31
2 82
10 81
1 13
1 100
1 79
4 71
10 90
2 96
3 23
7 78
3 12
3 19
1 33
6 42
1 78
3 16
6 31
5 89
8 16
8 97
3 85
10 92
3 63
8 80
1 19
2 42
3 39
5 96
4 89
10 8
9 4
5 94
2 73
3 38
5 28
3 12
4 12
3 57
7 32
2 8
4 93
5 27
4 97
10 89
7 90
10 49
5 4
9 21
1 94
5 80
2 59
8 48
5 73
8 15
9 33
1 45
9 58
10 57
6 57
4 15
6 58
9 40
7 80
10 71
6 95
3 86
10 13
10 6
3 75
1 86
5 34
6 35
4 23
3 66
8 8
7 67
9 73
2 74
7 48
6 9
2 40
2 15
6 100
6 63
7 77
9 64
7 0
6 71
7 35
4 80
2 40
8 26
5 11
8 60
7 30
1 70
8 23
8 14
2 88
8 93
1 85
1 6
5 61
4 0
9 80
8 25
3 83
6 80
7 8
9 28
1 35
3 87
4 59
9 2
6 76
5 100
7 80
1 95
1 15
5 54
5 7
7 99
4 86
3 95
10 79
2 98
8 69
3 55
2 98
5 19
6 85
9 83
1 54
6 47
3 2
3 46
4 6
4 40
2 75
5 72
1 29
4 4
9 15
2 96
6 17
9 1
1 8
5 80
6 27
9 7
6 85
5 66
10 16
1 20
6 95
3 76
9 39
8 64
1 20
8 11
9 92
9 51
9 26
5 59
6 95
6 22
5 23
10 1
6 18
1 9
6 31
4 48
2 99
8 66
4 34
3 36
6 33
1 41
10 82
7 19
4 69
8 9
2 55
1 48
1 27
9 86
8 46
1 96
7 83
3 8
1 64
6 88
6 41
5 85
7 92
1 31
4 63
1 4
3 3
5 8
10 80
3 19
4 26
8 97
8 10
6 62
4 14
4 3
5 41
10 78
7 19
1 70
7 91
7 12
7 80
7 80
3 39
9 71
10 51
1 44
1 20
9 57
8 29
5 76
2 24
8 69
3 41
10 80
4 93
3 94
9 95
8 16
7 52
4 39
8 48
3 6
6 31
6 55
3 91
2 66
2 61
9 1
4 17
6 8
1 33
9 20
8 92
2 26
6 5
1 24
3 82
5 44
2 41
7 83
4 37
9 68
7 27
7 45
10 80
8 58
6 95
2 3
2 69
7 63
7 71
7 85
3 44
8 96
8 60
10 68
3 84
8 51
6 85
7 63
10 45
5 75
10 53
5 81
1 89
1 42
8 11
5 90
3 32
9 42
4 80
2 43
3 25
4 32
6 19
9 23
7 20
3 18
3 89
2 49
3 16
6 14
4 43
1 90
8 61
3 23
4 35
1 57
4 40
3 8
7 69
9 88
3 11
8 10
6 37
7 45
2 18
1 27
6 99
5 73
5 72
4 13
5 50
8 27
9 21
5 88
3 69
2 5
1 90
9 55
2 5
7 86
3 78
2 88
10 30
8 92
2 48
5 10
3 30
6 91
10 54
3 21
2 93
6 18
3 48
5 86
4 13
6 21
2 69
7 2
6 55
7 59
1 18
1 99
3 4
3 45
7 55
7 7
6 97
9 35
1 92
6 77
9 86
5 42
6 65
7 53
10 72
3 17
2 11
8 97
7 70
10 15
2 88
7 15
2 84
10 66
5 8
9 84
3 1
8 93
10 12
3 6
6 62
7 56
1 46
5 25
4 15
6 54
2 86
5 71
7 46
2 81
2 19
1 5
7 27
7 55
4 62
4 78
6 39
10 2
2 3
5 90
7 68
10 75
7 50
3 88
8 35
2 32
4 75
8 87
1 92
5 8
2 53
4 92
10 59
3 71
4 31
7 94
7 98
8 53
8 79
4 55
5 28
2 62
9 20
8 40
10 84
5 68
3 100
9 82
10 19
7 44
1 64
6 7
2 29
7 43
7 90
10 62
5 57
10 10
7 10
6 88
9 30
1 89
3 35
4 14
10 85
9 38
3 83
7 3
7 17
10 21
6 21
7 25
6 8
8 49
8 75
10 83
5 34
5 66
4 91
3 16
8 30
4 21
1 37
4 73
8 84
8 24
3 2
8 73
10 77
3 13
7 78
3 20
2 65
7 77
9 22
8 55
8 9
3 14
1 47
3 6
6 71
5 50
8 0
9 11
3 67
10 29
2 4
5 67
2 32
5 33
6 14
6 19
3 24
8 82
2 41
2 57
3 86
5 64
1 50
4 77
9 3
6 79
7 30
5 14
3 16
4 100
1 39
3 79
3 80
10 77
4 81
2 38
9 6
8 1
8 75
5 69
4 32
2 18
9 4
3 32
1 33
8 18
7 44
7 46
6 7
1 25
8 82
6 30
8 94
5 41
1 99
3 93
8 92
8 100
9 64
1 86
4 80
5 69
1 90
10 79
5 100
5 6
7 100
7 42
2 25
10 68
3 27
9 30
6 20
8 35
4 19
2 67
8 9
3 51
6 35
7 79
8 84
9 4
3 56
3 20
8 37
9 72
4 29
6 64
6 55
9 76
4 7
1 19
5 47
3 89
7 89
10 73
2 47
2 73
6 56
10 8
8 42
8 12
8 78
10 61
5 74
6 84
5 90
4 57
2 0
2 66
1 54
1 47
10 75
10 95
8 15
3 60
1 13
5 73
6 68
9 79
8 76
4 89
1 94
1 71
9 33
2 37
3 25
10 76
9 81
10 70
6 49
10 77
3 3
2 63
6 11
2 17
5 90
5 41
4 14
8 5
9 27
9 87
9 7
10 77
6 1
4 19
5 11
6 84
1 33
6 94
5 18
5 22
4 36
7 90
3 83
4 35
2 64
6 68
9 71
1 68
10 4
3 37
7 70
4 39
8 26
2 69
7 91
3 81
7 77
9 93
9 44
3 41
9 47
9 58
6 25
7 24
2 15
8 13
2 91
1 66
10 20
7 74
10 21
8 26
3 61
7 37
3 95
3 45
8 10
6 49
9 77
7 18
1 74
2 92
5 9
4 44
6 2
4 72
3 36
8 54
5 68
9 60
8 11
2 53
1 27
10 85
3 73
8 64
9 33
9 87
1 79
10 94
3 58
6 53
3 71
9 61
2 56
3 20
1 76
8 7
8 23
3 15
4 66
8 36
3 65
7 7
8 42
7 5
6 99
3 72
4 50
7 39
2 26
3 86
10 77
6 29
2 54
10 18
1 91
8 44
8 93
7 27
10 84
4 53
5 80
1 0
7 77
4 79
5 78
4 8
8 42
4 0
4 10
2 95
10 12
10 86
2 100
1 24
1 67
5 76
1 38
5 52
7 56
2 57
2 30
7 17
8 40
8 56
6 34
3 53
6 36
4 32
8 45
9 7
5 4
7 18
10 68
6 30
7 4
4 55
7 26
1 57
2 15
1 89
9 49
3 4
5 72
5 90
3 53
7 14
2 100
7 79
8 48
8 4
4 45
4 3
2 96
9 99
8 33
1 55
9 99
8 44
10 68
4 83
6 73
9 98
7 82
7 77
4 62
6 90
2 64
9 38
1 6
2 86
9 70
5 93
10 83
7 28
2 36
1 14
4 25
9 3
5 16
7 44
5 59
2 89
5 26
8 38
3 96
8 52
7 79
7 32
9 2
7 3
7 39
4 63
8 53
3 59
9 99
6 27
8 95
1 34
6 43
1 5
3 12
3 78
3 67
6 36
8 26
10 88
1 6
7 46
5 67
7 10
6 12
9 62
5 0
10 15
3 71
6 15
1 27
2 21
5 95
7 22
2 93
9 5
7 83
7 21
3 99
10 1
8 60
5 79
8 96
7 14
10 24
3 27
9 35
9 90
1 91
4 99
7 64
4 36
3 20
9 32
10 31
4 37
4 12
4 95
2 80
5 7
9 75
7 12
3 12
8 57
1 4
7 15
9 9
4 60
10 32
7 97
5 39
5 65
9 76
7 3
4 95
7 76
4 49
1 86
8 58
3 18
7 47
6 41
5 11
9 80
4 32
8 3
10 62
3 79
8 59
7 63
6 52
3 80
7 63
8 28
8 69
8 13
6 57
7 90
7 49
4 39
1 54
3 72
4 53
8 26
5 87
8 16
2 53
9 58
10 27
2 5
6 85
1 73
6 6
4 6
7 34
3 23
4 87
10 30
8 73
7 32
10 70
8 25
8 60
5 79
8 7
7 35
2 14
7 21
8 64
5 71
3 19
10 72
6 70
3 78
8 35
4 12
3 41
4 25
9 38
6 60
4 56
2 85
3 55
6 65
5 12
7 75
6 12
4 64
2 46
8 69
3 39
3 2
2 40
10 54
4 91
8 86
6 34
10 38
4 77
9 48
6 15
1 49
3 0
5 79
5 41
6 34
5 7
9 90
9 11
10 97
7 85
6 77
2 40
10 80
5 50
1 27
6 35
10 27
6 59
1 1
4 43
7 83
8 45
1 3
4 56
5 61
4 59
3 98
1 17
5 37
4 17
4 98
10 46
9 5
1 25
8 68
1 77
9 40
10 53
9 75
9 11
1 10
9 64
8 44
6 77
9 44
8 21
2 89
5 69
9 95
2 19
6 0
6 50
10 31
3 53
7 91
7 84
10 88
8 48
4 78
7 68
2 85
2 100
1 68
6 28
6 28
2 33
5 16
5 15
6 51
9 25
2 86
9 51
9 10
4 100
5 80
10 98
10 36
6 83
2 1
4 6
5 25
3 42
1 83
2 64
1 51
3 5
3 22
5 62
5 58
7 29
1 58
2 22
9 35
3 13
4 85
3 37
1 4
9 25
3 62
1 53
5 71
9 76
2 75
10 2
8 19
4 66
3 92
5 47
6 29
3 88
8 93
1 43
2 48
5 37
1 38
7 89
1 1
8 63
8 47
10 83
8 62
6 53
6 21
2 33
4 35
3 99
2 57
8 70
1 87
5 36
9 75
2 35
3 7
7 95
9 7
9 32
5 94
6 6
4 76
3 8
2 61
10 22
8 34
4 17
5 98
7 80
5 35
8 71
4 32
10 61
10 66
4 55
7 2
5 8
7 35
1 81
9 69
3 5
1 37
6 22
5 48
4 70
8 51
1 94
9 45
5 56
5 74
2 64
4 19
9 57
7 52
4 61
1 71
2 16
5 89
3 36
4 21
