20
84 37
2 26 30 34
1 58 58 48
1 26 63 31
2 2 25 22
1 9 60 31
2 3 3 39
1 44 44 4
2 58 67 15
2 1 2 33
2 26 58 31
2 11 21 23
1 19 24 47
2 5 8 28
1 21 75 6
1 6 10 22
1 63 81 3
1 34 74 39
1 16 31 48
1 15 75 0
2 1 8 38
1 10 33 41
2 32 51 2
1 40 69 33
2 24 47 34
1 11 40 14
1 58 72 7
2 31 46 14
1 11 26 17
1 22 22 34
1 41 41 2
2 22 46 40
2 30 58 14
2 4 6 49
1 1 23 5
2 27 29 14
1 4 4 38
1 30 53 6
41 50
1 35 39 17
1 2 2 33
2 9 12 1
2 5 9 29
1 5 13 34
2 8 28 2
2 4 29 10
1 15 17 26
2 11 41 11
1 38 40 13
2 21 36 4
2 4 29 48
1 8 39 7
2 10 29 14
1 1 4 13
2 1 11 27
1 2 14 36
1 2 2 41
1 16 29 33
1 27 28 49
1 4 13 23
2 12 24 40
1 34 35 39
1 2 3 47
2 13 37 7
2 22 26 36
1 7 20 2
1 5 38 14
1 10 28 2
1 2 5 5
1 14 33 35
1 5 17 29
2 2 11 46
1 3 9 6
2 4 6 13
2 18 22 30
1 1 5 5
1 4 17 20
1 27 31 22
2 33 35 24
1 10 20 40
1 16 41 14
1 13 24 45
2 5 15 49
2 8 9 2
1 7 14 41
2 11 12 2
1 6 24 34
1 9 21 16
1 6 33 18
26 36
1 3 21 10
1 5 13 35
1 2 20 23
2 6 25 43
1 10 10 40
2 3 7 41
1 5 6 25
2 8 12 7
1 5 10 46
1 17 19 18
1 22 25 26
1 17 21 3
1 1 9 15
1 9 20 21
2 9 18 25
1 1 6 33
1 6 7 9
1 1 2 23
2 18 26 49
2 1 3 4
1 9 12 40
2 11 25 24
1 21 21 3
1 3 7 25
1 13 15 2
2 3 12 31
1 7 23 9
2 16 16 27
2 1 4 41
2 3 3 12
2 2 4 15
2 1 2 40
1 2 16 11
2 15 21 10
2 7 16 3
1 2 4 20
27 33
2 20 22 24
2 2 4 41
1 4 9 9
2 2 25 30
1 9 12 8
2 11 24 44
1 20 25 18
1 10 10 5
1 11 12 46
2 17 21 36
2 11 12 49
1 3 24 49
1 2 6 39
2 21 21 23
1 9 10 30
1 5 26 34
1 11 25 33
2 5 7 11
2 4 27 48
2 6 9 26
2 11 23 46
2 10 10 19
1 5 6 10
2 14 22 3
2 9 10 22
1 8 8 1
2 15 26 25
2 2 7 13
1 8 9 2
2 6 6 3
1 15 17 20
2 9 27 49
1 18 27 38
82 17
1 4 8 10
1 6 25 46
1 18 35 42
1 4 14 18
1 4 45 30
2 5 10 40
2 35 52 33
1 51 55 37
2 4 63 21
2 30 38 5
2 1 4 42
2 1 46 26
1 3 54 4
2 1 43 50
1 19 24 0
1 10 16 18
1 22 53 41
11 33
1 6 6 17
2 4 10 27
2 2 6 41
1 1 2 12
2 1 2 41
1 1 3 45
2 2 8 24
1 10 11 37
1 3 6 5
2 3 3 47
2 8 10 17
1 1 6 24
1 4 5 29
2 7 11 9
2 3 3 12
1 2 3 23
2 1 10 47
2 7 8 32
2 1 1 5
2 7 9 41
1 1 1 28
1 6 11 9
2 4 10 2
2 1 2 13
1 4 6 3
2 3 7 2
2 5 9 47
2 6 9 40
2 8 11 39
2 1 2 39
1 7 10 25
1 2 7 29
2 5 7 29
17 25
2 4 5 12
2 3 4 33
1 2 3 38
2 9 9 7
1 4 4 41
1 11 12 49
1 2 8 42
1 4 17 29
1 2 2 11
2 1 1 29
1 1 3 19
2 2 2 19
1 5 8 4
2 6 17 43
2 4 14 7
2 1 2 3
2 1 4 27
1 6 17 45
2 4 4 10
1 1 4 46
1 8 8 18
2 12 17 6
1 1 2 38
1 4 8 27
1 1 5 35
38 4
1 7 8 17
2 7 8 42
2 10 18 4
1 3 12 45
89 11
2 17 40 48
2 20 28 40
2 7 80 50
1 48 83 19
1 64 84 50
1 11 42 8
1 25 31 43
1 7 7 33
1 24 78 49
2 14 49 7
1 2 33 20
40 35
2 2 26 17
1 2 3 23
2 2 13 46
1 18 40 23
1 11 16 2
2 22 31 27
2 22 38 47
2 17 32 22
2 11 31 44
1 4 26 21
2 2 2 49
2 3 21 26
1 5 5 6
1 1 25 5
2 13 13 4
2 11 11 34
1 5 10 18
2 3 7 48
2 6 10 9
1 23 34 22
2 18 32 38
1 27 29 18
2 7 34 5
2 14 36 35
1 1 1 38
2 11 12 13
2 4 6 1
2 3 4 17
1 29 36 41
1 20 20 20
2 9 30 43
2 12 24 15
2 7 25 8
2 24 27 15
2 12 33 37
3 19
2 3 3 8
1 3 3 15
2 2 2 46
1 1 3 42
1 1 1 42
1 1 1 11
2 1 2 45
2 1 2 35
1 1 2 49
2 1 2 45
1 1 2 11
1 2 3 22
2 1 1 45
2 2 3 39
1 1 1 19
2 1 1 26
2 1 2 10
1 1 3 42
2 1 3 28
34 14
2 2 29 12
2 25 34 41
1 1 1 7
2 17 17 37
2 2 2 32
1 4 28 48
2 22 27 46
1 8 12 16
1 2 3 5
2 10 22 10
1 16 20 4
2 21 30 9
2 3 26 13
2 9 24 18
5 12
2 1 4 38
1 2 3 8
2 1 2 23
1 1 1 24
1 2 5 4
2 3 4 44
1 1 2 3
2 3 3 5
2 1 1 20
1 2 4 3
2 3 3 35
2 1 5 39
57 9
2 3 3 18
2 8 23 35
2 6 42 50
1 24 33 34
2 3 4 21
1 1 1 9
1 3 8 6
2 17 36 19
2 2 2 35
38 14
1 11 16 29
2 3 7 16
1 3 7 29
1 1 20 30
2 33 33 42
1 20 23 49
2 4 19 24
2 2 6 11
2 9 33 41
1 3 13 43
2 16 18 4
2 13 15 47
1 7 8 29
2 3 4 5
8 42
2 1 1 32
1 1 4 14
1 1 1 38
2 1 8 39
2 4 5 5
2 3 8 32
2 3 6 37
1 8 8 8
2 2 5 10
2 2 4 42
1 5 7 9
2 1 4 19
2 3 4 9
1 1 1 42
1 2 3 33
2 3 8 21
2 4 7 43
1 1 1 9
2 5 6 6
2 2 5 20
1 3 6 21
2 4 5 30
2 3 4 44
2 5 6 31
1 3 6 24
1 2 4 33
2 1 6 49
2 3 5 6
1 6 6 11
2 5 5 0
2 3 6 0
1 2 5 34
2 1 1 49
1 2 4 4
1 6 8 6
1 4 7 40
2 4 5 9
2 7 8 2
1 1 1 22
1 3 3 34
1 4 5 23
1 5 7 40
33 35
2 4 29 33
1 3 9 50
1 1 13 36
1 14 16 26
2 20 26 9
1 5 12 10
2 5 16 46
2 3 4 4
1 19 26 13
2 3 5 17
1 24 29 26
2 16 29 40
1 13 14 12
1 9 9 49
1 2 24 21
2 2 18 36
2 8 30 34
2 1 1 18
1 4 4 48
1 16 22 49
2 3 3 34
2 20 24 14
2 13 19 0
2 16 29 38
1 22 23 34
2 8 25 5
2 11 20 12
1 10 20 17
2 3 3 0
2 1 1 5
2 21 32 28
1 3 29 50
2 4 6 42
1 1 11 29
1 27 27 41
28 49
1 11 18 7
2 24 28 50
1 12 16 31
2 18 21 38
1 10 23 37
1 16 18 6
2 9 23 22
2 10 20 45
1 7 23 34
1 8 20 13
1 9 27 8
2 20 22 13
1 9 10 42
2 1 1 28
2 4 17 4
2 3 9 14
1 7 21 47
1 11 28 23
2 9 10 45
1 3 9 49
1 6 22 13
1 7 17 18
2 2 5 27
1 7 15 19
2 8 17 5
2 1 2 3
1 1 10 18
2 12 26 24
1 1 1 37
2 9 17 3
2 6 13 25
2 8 10 37
2 5 9 27
1 3 6 8
1 13 23 6
2 1 25 14
2 4 9 13
1 7 7 8
2 1 14 47
1 8 16 49
1 3 7 40
1 8 27 16
1 16 21 8
1 7 13 9
2 4 7 9
2 3 4 28
1 12 25 22
1 4 6 8
1 9 14 43
49 23
1 7 18 30
1 2 43 5
2 15 40 7
1 21 41 0
1 17 34 27
2 25 35 16
1 5 28 29
1 16 22 32
2 2 6 43
1 31 48 49
2 38 46 24
2 38 47 29
1 2 5 48
1 26 36 4
1 40 49 41
1 4 4 14
1 3 9 26
1 36 36 17
1 28 38 0
2 8 17 4
2 24 32 7
2 10 25 8
1 7 29 16
51 32
1 12 12 35
2 8 47 10
2 2 14 36
2 14 49 41
2 10 16 48
1 5 48 1
1 30 40 19
1 1 1 43
2 43 46 11
2 1 2 40
2 2 5 39
2 1 6 26
1 39 42 20
2 12 32 12
1 15 30 19
2 5 10 29
2 2 29 3
1 23 47 3
2 9 14 50
1 7 24 43
1 34 34 38
1 16 23 13
2 25 49 25
1 3 33 7
2 13 30 9
2 5 44 49
1 21 26 31
2 20 48 22
1 11 19 29
1 23 39 14
2 10 17 36
2 1 11 48
